0.99936
0.996529
1.00024
1.00141
0.998428
0.998654
0.998576
1.00049
1.0002
1.001
0.99932
0.998682
1.00067
1.00001
1.00087
1.00005
1.00036
1.0016
1.00096
1.00099
1.00079
0.99992
1.00097
1.00037
0.99976
1.00012
1.00031
1.00095
0.999814
1.00071
1.001
0.99952
1.0018
0.999069
1.00059
0.998749
1.00127
0.999907
1.00109
1.00215
1.00021
1.00291
1.00009
0.999867
1.00136
1.00185
1.00211
1.0018
1.00009
0.999654
1.00207
1.00071
1.00031
1.00048
1.00076
1.00195
1.00132
0.999134
0.999306
1.00075
1.0008
0.997737
1.00016
1.00043
1.00169
1.00171
1.00031
1.00175
0.99976
0.999707
1.00179
1.00271
1.00005
1.00273
0.99972
1.00087
1.00009
0.999294
0.998975
1.00047
1.00108
1.00016
1.00149
1.00049
1.00111
1.00035
1.00099
1.00173
1.00057
1.00023
0.998442
1.00159
0.999987
1.00133
0.99984
0.997976
1.00079
0.999109
1.00141
0.999455
0.997922
1.00024
1.0036
1.00047
1.00051
0.997924
1.00224
0.999534
0.997883
0.998695
1.00112
1.00111
1.00015
1.0012
1.00148
1.00009
1.00028
1.00123
0.999082
0.998549
0.998376
1.00079
1.00211
0.998976
1.00121
1.00337
1.00103
1.00059
1.00039
0.999987
0.998776
1.00235
0.999867
0.999348
0.999973
1.00155
0.999228
1.00196
1.00107
1.00135
1.00032
0.999973
1.00031
1.00043
0.999054
0.999041
1.00093
0.99992
0.998881
1.00152
1.00088
1.00004
1.00064
1.00111
1.00322
0.998668
1.00056
1.00067
0.998348
0.999507
1.00113
1.00031
1.00013
0.999507
1.00045
1.0002
1.00115
1.00197
1.00288
0.999627
0.999933
1.00053
0.99988
1.00171
1.00171
0.99896
1.00211
0.999521
1.00025
1.00129
0.999135
0.999694
1.0012
1.00135
0.998975
0.999187
1.00119
0.99892
0.999813
0.999043
0.998416
0.999281
0.99976
0.997528
1.00081
1.00129
0.999334
0.99968
1.00113
1.00091
0.999454
1.00213
0.999747
1.00065
0.998575
1.00192
0.999547
1.00237
1.0025
1.00192
1.00064
0.999428
1.00199
1.00103
0.99839
1
1.00176
1
1.00023
0.997804
1.00172
0.999813
1.00027
1.0002
0.99952
1.00072
1.00103
1.0014
1.00156
0.999814
1.00108
1.00092
1.00071
1.00061
0.999667
1.00101
0.999707
1.00001
0.999294
1.00261
1.00059
1.00073
1.00047
1.00131
1.00049
1.0012
1.00239
1.00117
1.00024
1.00144
1.00027
0.999054
0.999441
1.0016
0.999001
1.00139
0.998656
1.00009
0.998054
0.999348
0.999627
1.00065
0.997605
1.00021
1.00036
1.00072
0.9992
0.999027
1.00101
1.0008
0.999787
0.999348
1.00049
1.00023
0.998588
1.00108
1.0012
1.00091
0.9998
0.999734
0.997964
0.999187
1.00141
0.999334
0.999333
0.999853
1.00228
1.00048
1.0002
0.999813
1.00143
0.999694
0.999148
1.00009
0.999321
1.00151
1.0006
0.999733
0.998722
1.00077
1.00035
0.998736
1.00119
0.999068
1.00127
1.00059
0.999867
1.0004
1.00071
0.999121
1.00235
1.00055
0.99988
1.00155
1.00025
1.00088
0.999734
1.00135
1.00113
1.00088
1.00051
0.99944
1.00004
0.997935
1.00031
1.00181
1.00024
0.998269
1.00164
0.999587
1.00163
1.00113
0.998988
0.999095
0.999774
1.00127
1.00209
1.00179
1.00088
1.00103
1
0.998017
1.00029
0.999134
1.00105
0.99972
1.00064
0.999827
1.00172
0.999893
1.00076
0.999374
1.00198
1.00084
1.00124
0.999573
0.999947
0.999096
1.00051
0.9998
0.999653
1.00147
0.9992
0.999947
0.999228
1.00031
0.999521
0.998961
1.00053
0.999401
1.00059
0.997352
1.00131
1.0006
1
1.00204
0.999187
1.00064
1.00071
1.00025
1.00211
1.00116
0.99968
1.00119
1.00063
1.00079
1.00049
1.00203
0.998348
1.00163
1.00008
1.00047
0.999308
0.99956
1.00335
0.99996
0.999575
0.999987
0.999069
1.00047
0.9998
1.00076
0.999201
0.999827
0.999853
1.0008
0.99948
1.00083
1.00015
1.00065
0.998348
1.00069
1.00264
1.00292
0.999134
1.00153
1.00052
1.00088
1.00061
0.999947
1.00129
1.00052
0.999827
0.99968
1.00224
1.0018
0.999654
0.999534
1.00111
1.00057
0.999614
0.999947
1.00037
1.00109
1.00108
1.00123
0.999001
1.00005
0.998177
0.99968
1.00177
1.00183
1.00148
0.999493
1.00033
0.999933
0.99948
1.0012
1.001
0.99996
0.999081
1.00156
1.00088
1.00177
1.0008
0.99964
1.00003
1.00069
0.9998
0.997777
1.00105
0.999055
1.00204
1.00171
1.00072
1.00184
1.0022
1.00089
1.00013
0.999002
1.0022
0.99976
0.999573
0.999693
1.00021
0.99996
0.999254
0.999254
1.00244
1.00081
1.00075
0.999268
1.00188
0.999667
1.00113
0.99988
1.00127
1.00124
1.00092
1.00064
1.00249
1.00175
1.00267
1.00036
0.999653
0.99996
0.999694
1.00044
1.00121
0.998418
0.999056
1.00031
1.00157
1.00089
1.00095
0.9996
0.99956
0.998272
0.999813
1.00193
0.99776
1.00067
1.00181
1.00001
1.00043
1.00033
1.00084
1.00091
0.999907
0.999533
1.00081
0.999827
1.00044
1.00013
0.999627
0.999507
1.0006
1.00133
1.00148
0.999134
0.998255
1.00128
1.00211
1.00205
1.00033
1.00049
1.00121
1.00085
0.999347
1.00161
1.00234
0.999813
1.00135
1.00073
1.00083
1.00051
1.00139
1.00153
0.999667
1.00327
0.9996
1.00073
1.00101
1.00147
1.00031
1.00192
1.00164
1.0014
0.999707
0.999387
1.00083
0.999933
1.00199
0.999307
1.00209
0.998895
0.999494
1.00156
1.00145
1.00024
1.002
1.00165
0.998177
1.00363
1.00137
1.00031
1.00033
1.00145
1.00111
1.00139
1.00104
1.00143
0.998921
1.00036
0.999534
1.00029
1.00055
0.998829
1.00005
1.00092
1.00205
0.999973
0.998814
1.00075
0.999241
1.00056
0.998296
1.00119
1.00012
0.999108
0.999361
0.998842
1.00137
1.002
1.00089
0.996941
0.998003
0.998827
1.00048
1.0004
1.00045
1.00139
1.0008
1.00012
0.99928
1.00045
1.00288
0.999453
1.00186
0.999814
0.997723
1.00079
1.00055
1.00063
1.0002
1.00164
0.998975
1.00076
0.999733
0.999454
1.0002
1.00144
0.999294
1.00091
1.00136
1.00079
0.999987
1.00085
0.999281
0.999907
1.00161
0.99996
1.00185
1.00032
0.998788
1.00032
1.00152
1.00212
0.999707
1.00111
0.998309
1.00045
1.00113
1.00023
0.999281
1.00076
1.00148
1.00073
1.00197
0.99968
0.998869
1.00069
1.00079
1.00019
0.999148
0.99992
1.00081
1.00083
0.99839
1.00229
1.00055
0.999481
1.00073
1.00023
1.00121
1.00021
1.00201
1.00153
1.00088
1.00188
1.00095
1.00053
1.00049
0.999095
0.999294
1.00088
1.00091
1.00099
1.00153
1.00119
0.999814
0.999188
0.999667
1.00125
0.99928
1.00012
1.00108
1.00029
1.00003
0.999667
1.00049
1.00131
0.999774
1.00274
1.00217
0.999707
1.00079
1.00027
1.00337
1.00097
0.99964
1.0024
1.00095
1.00088
1.00012
1.00045
1.00041
0.999414
0.999521
1.00164
1.00199
0.998392
0.999401
0.999853
0.999427
0.999653
1.00049
0.999001
1.00077
1.00012
1.00191
1.00119
1.00127
1.00182
0.99948
1.0002
1.00033
1.00101
1.00136
1.00209
1.00003
1.00088
0.999241
1.00108
1.00203
0.998895
1.0027
1.00119
1.0002
0.999813
1.00025
0.999933
1.00107
0.999374
1.00045
1.00153
0.999334
1.00153
1.00119
1.00112
0.999201
1.00144
0.999494
1.00005
0.999774
1.00045
1.00196
0.999534
0.999947
1.00068
0.998695
1.00096
1.00015
1.00015
0.999854
1.00001
1.00091
1.00036
0.99956
1.00205
1
1.00133
1.00045
1.00093
1.00039
1.00128
1.00193
1.00083
1.00182
1.0006
1.00041
0.999055
1.00107
0.999574
1.00141
1.00143
1.00108
0.998641
1.00004
1.00035
1.00079
1.00101
0.998336
0.999401
1.00269
1.00136
1.00103
1.00019
1.00215
0.998695
1.00113
1.00188
0.999907
1.00151
1.00095
0.998601
1.00227
1.00041
1.0002
1.00081
1.00023
1.00221
1.00113
0.998921
0.99948
1.00184
1.00104
1.00152
1.00141
1.00251
0.999907
1.00144
0.999388
0.998228
1.00033
1.00011
1.00012
1.00115
1.00083
0.999601
1.00145
1.0004
1.00076
1.00095
0.999907
1.00136
1.00132
1.00093
0.997832
1.00029
1.00139
0.998827
1.00196
1.00023
1.00145
1.00016
1.00029
1.00274
1.00083
1.00173
0.99972
1.00119
1.00003
0.998282
0.999081
1.00023
1.00024
1.00091
1.00187
0.998205
1.00024
1.00096
1.00067
1.00031
1.00103
1.00202
1.00047
0.99948
1.00187
1.00081
1.00107
1.00053
1.00205
1.00007
1.00144
1.00037
1.00059
1.00011
1.00084
1.00116
1.00068
1.00061
1.00005
0.998335
1.00095
1.00177
1.00195
1.00032
0.99968
1.00137
0.99968
1.00024
1.00047
0.99972
1.00249
0.998828
1.00083
0.999734
1.00159
1.00203
1.00011
0.9998
1.00077
1.00153
0.998284
1.0012
0.99968
0.999733
0.999547
1.00115
1.00071
0.998882
0.999335
0.998855
0.998323
0.998536
1.00027
1.00017
0.99924
1.00137
1.00135
0.999827
1.00091
1.00211
1.00085
1.0014
1.00155
1.00008
0.999467
0.998721
1.00081
1.00215
0.998802
1.00247
0.99972
0.997592
1.00012
1.00108
1.00023
1.00123
0.998602
1.00269
0.999747
1.00031
1.00068
1.00124
1.00004
1.00044
1.00089
1.00024
0.999428
1.00049
0.999907
1.00221
1.00001
1.00023
0.999214
0.999454
1.00204
1.00035
1.00015
1.00077
1.001
1.00116
1.00167
1.0004
1.0006
1.00079
1.00069
1.0006
1.00061
1.00283
1.00023
1.00188
0.99791
0.99868
1.00111
0.998163
1.00136
1.00011
1.00233
1.00239
1.00189
1.00226
1.00053
1.00089
1.00199
0.999494
0.999933
0.999853
1.00068
1.00111
1.00103
1.00176
1.00103
1.00183
1.00212
0.999254
1.00303
1.00107
1.00121
1.00055
1.00148
0.998669
1.00155
1.00051
1.00112
1.00008
1.00112
0.99988
0.999547
0.998178
0.99968
1.00031
1.00103
1.00021
0.999188
1.00005
1.00009
1.00146
0.999388
1.00119
0.99992
1.00182
1.00076
1.00116
0.999467
1.00091
0.999414
1.00287
1.00015
0.998537
1.00019
1.00048
0.999853
1.00212
1.00125
0.999907
1.00139
0.998921
1.00061
1.00137
0.999667
1.0002
1.00061
1.00137
1.00073
1.00031
0.999667
0.997978
0.998868
1.00041
0.999108
0.999747
1.00184
0.998123
0.99976
1.00025
1.00135
0.99988
1.00047
0.999441
0.999827
1.0016
1.00091
1.00161
0.999521
1.00048
1.00016
1.00003
1.00341
1.00055
1.00151
0.999787
1.0006
0.999267
0.99972
1.00208
0.999081
0.99996
1.00212
1.00172
1.00105
1.00011
1.00203
1.00131
1.00296
0.999574
1.00152
1.00155
1.00201
0.999907
1.00133
0.998202
1.001
1.001
1.00052
1.00091
0.99976
1.0014
1.00225
1.00081
1.00036
1.00093
1.00103
1.00051
0.998654
1.00145
0.99972
0.998589
1.00168
1.001
1.00095
0.99932
1.00173
1.00003
0.998588
1.00259
1.00121
1.00172
1.00001
1.00109
0.999494
0.998774
1.0016
1.00092
1.00129
0.999627
0.99928
1.00097
1.00164
1.00007
1.00056
1.00149
1.00228
1.00236
1.00141
1.00077
1.00111
1.0008
1.00023
1.00132
1.00179
1.00157
0.999254
1.00107
1.00104
0.997776
1.00075
1.00024
1.00113
1.00221
1.00123
0.999507
0.997273
1.00011
0.999853
1.00085
1.00037
1.00036
0.99932
1.00398
1.00007
0.999627
1.00158
1.00124
0.999721
0.998962
1.00195
0.999614
0.999441
0.998536
1.00228
0.99992
0.999374
0.999627
1.00003
0.999867
1.00109
1.002
0.997538
1.00171
1.00004
0.998855
0.999201
1.00087
1.00169
0.999228
1.00267
1.00068
1.00003
1.00045
1.00065
1.00044
1.00133
1.00067
1.00025
1.00208
1.00025
0.999827
0.999587
1.00173
0.999787
1.00071
1.00052
0.999973
0.99948
0.998948
0.999667
1.00291
0.99956
1
0.999294
1.00136
1.00064
0.999933
0.998309
0.998987
1.00047
1.00179
1.00064
1.00228
1.0015
1.00157
0.999734
1.00068
0.998868
1.00083
1.00268
0.999947
0.999667
1.00153
0.999573
0.999814
0.998975
0.998414
1.0036
1.00044
0.999534
0.998523
1.00173
0.999933
0.999747
1.00031
0.998561
1.00084
1.00228
1.00192
0.999467
1.00265
1.00169
0.998696
1.00043
1.00012
0.998708
0.999653
1.00064
0.99722
0.998882
1.00105
1.00023
1.00135
0.999747
1.00275
1.00184
1.00117
0.998948
0.999414
1.00127
1.00193
1.00127
0.999068
1.00043
0.998854
0.99887
0.999374
1.00132
1.00071
1.00282
1.00089
0.999255
1.00009
1.00127
1.00075
0.999281
1.00003
1.00075
1.00069
1.00105
1.00286
0.999787
1.00181
0.999893
1.00155
0.99972
0.999441
0.99984
1.00037
0.999414
0.999307
0.998575
1.00172
1.00011
1.00013
1.00069
1.00101
0.998414
1.00007
1.00001
1.00246
0.999667
1.00064
1.00021
1.00133
1.00023
0.999813
1.00203
1.00147
1.00052
1.0032
1.00127
1.00133
0.998033
1.00052
1.00101
0.998775
0.999401
0.9998
0.998736
1.00081
1.00088
1.00001
1.00095
0.9998
1.00241
1.00056
0.998962
1.00171
1.00143
0.999947
1.00005
1.00163
1.00093
1.00016
1.00089
1.00099
1.00159
0.999281
0.999001
1.00288
1.00341
1.00059
1.00088
0.999587
0.999827
1.00111
0.998947
0.998988
1.00107
0.99884
1.00021
1.00089
0.999667
1.0012
1.00052
1.00004
1.00168
1.00123
0.998295
1.00228
1.00103
1.00128
1.00033
0.999641
1
1.00256
0.999387
0.99992
1.00127
0.997804
1.00232
1.00283
1.00049
0.999201
1.00223
1.00005
1.00004
1.00109
1.00023
1.00141
0.998456
0.998602
0.999933
0.999867
0.999973
0.998907
1.00321
1.00164
1.00176
0.999161
0.998908
1.00001
1.00208
1.00068
1.00233
0.999813
1.00105
1.00211
1.00091
0.99976
1.00334
0.999707
0.997858
0.998883
0.999907
0.998563
0.999867
1.00087
0.999241
1.00195
0.998695
1.00165
0.999894
1.00116
1.00019
0.9998
1.00128
1.00011
0.999574
0.999307
0.998271
0.99984
0.998827
1.00109
1.00133
0.999281
1.00004
0.998338
1.00116
0.999827
0.9996
1.00036
1.0013
1.00024
1.00196
0.999174
0.999907
1.00204
1.00125
0.999746
0.99988
0.99976
1.00073
0.999614
1.00099
0.999706
1.00025
1.0012
1.00056
0.998349
0.999787
1.00113
1.00127
0.999548
1.00013
0.99972
1.00047
1.00036
1.0004
1.00065
1.00033
0.999707
0.999387
1.00048
1.00021
1.0014
0.998179
0.997883
1.00045
0.999121
0.999282
0.9998
1.00265
1.00092
1.00119
1.00092
1.00144
1.00087
1.00096
0.99928
0.999893
1.00192
0.999347
1.00156
1.00033
1.00071
0.998722
1.00053
1.00163
1.00077
1.00116
0.998151
0.99952
0.999653
1.0017
0.999653
1.00024
0.999707
1.00147
0.999773
1.00019
1.00095
1.00092
1.00121
1.00097
0.999933
1.00131
0.998176
0.998495
1.00037
0.999294
1.00028
1.00159
1.00113
1.00036
0.999587
1.00103
1.00087
0.998403
1.00012
0.99976
1.00013
1.00011
0.998733
1.001
1.00131
1.00089
0.998881
1.00003
0.999601
0.99988
1.00119
0.998122
1.00024
0.999468
0.998761
1.00084
1.00043
0.999041
1.0006
0.999387
0.996862
1.00203
0.999813
0.999893
1.00013
1.00141
1.00137
1.00203
0.999947
1.00009
0.99992
1.00025
0.999747
0.999747
1.00061
1.00073
1.00255
1.00148
0.997603
1.00041
1.00017
1.00019
0.99952
1.00067
1.00037
1.00087
1.00051
1.00123
1.00265
0.998788
1.00085
1.00008
1.00007
0.999707
1.00103
0.999867
0.999694
1.00219
1.00008
1.00009
0.999814
0.9998
1.00092
0.999241
0.99948
1.00012
1.00175
1.00031
1.00104
1.00157
1.00031
0.999187
0.9998
1.00157
1.00189
1.00044
1.00031
0.99968
1.00071
0.998722
1.00009
0.999933
1.00104
1.002
0.99996
1.00133
0.999228
1.00265
0.999587
1.00073
1.00149
1.00148
1.00092
0.999027
0.99996
0.999388
0.999667
0.999787
1.00083
1.00023
1.00103
0.999707
0.999161
1.00017
0.997523
1.00031
0.998709
1
0.99992
1.00104
1.00048
1.00071
0.999654
1.00005
0.999973
0.9994
1.00108
0.998906
1.00212
1.00092
0.999813
1.00088
0.998708
1.00123
1.00211
1.00044
0.99996
0.999481
1.00139
0.998895
1.00207
1.00133
0.999387
1
1.00003
0.999215
1.00121
0.998734
0.999534
0.999015
0.999227
0.99976
0.999187
1.00013
1.00225
0.998467
0.999414
0.999773
0.999481
1.00176
0.999427
0.999347
1.00081
1.00117
0.999107
0.999041
1.00033
0.998881
0.999214
1.00158
0.999694
1.00029
0.99928
1.00173
0.99944
1.00056
1.00087
0.999627
1.00025
1
1.00068
1.00021
0.998138
0.999534
1.00027
1.00045
1.00113
0.999973
0.998323
0.999042
1.00107
1.00193
1.00292
0.998815
0.999507
1.00101
1.00061
1.00069
0.999654
1.00048
1.00012
1.00116
1.00013
1.00166
1
1.0004
1.00227
1.00051
1.00063
0.999107
1.00099
1.00093
1.00153
0.999627
0.998668
1.00219
0.998961
0.999494
1.00068
0.998828
0.999068
1.00088
0.999907
1.00124
1.00081
1.00025
1.00091
0.999148
1.00012
1.00032
1.00107
0.998802
0.999121
0.99936
1.00244
1.00052
1.00091
1
1.00055
1.00099
0.99992
1.00165
1.00183
0.999454
0.998815
1.00079
1.00199
1.00061
1.00113
1.00027
1.00065
1.00004
0.999201
0.997126
0.999081
0.998922
0.999627
1.00147
1.00127
1.00159
0.999641
1.00048
0.999893
1.00176
0.99984
1.00132
0.99932
1.00012
1.00033
1.0018
0.999614
1.00004
1.00025
1.00097
1.0014
1.00105
1.00088
1.00053
1.00031
1.00023
1.00047
1.00187
1.00296
0.999987
1.00105
1.00137
1.00004
1.00172
0.999973
0.999507
1.00217
1.00155
0.99972
1.00012
1.00183
0.999082
1.00079
0.998815
1.00083
1.001
1.00047
0.999654
1.00008
0.999787
1.00133
0.99996
1.00175
1.00162
1.00184
1.00135
0.999987
1.00075
1.00123
1.00201
1.00052
1.00139
1.00121
1.00039
1.00028
1.00052
0.999468
1.00161
1.0002
0.9992
1.00181
1.00091
0.999162
0.999388
0.998123
1.00075
1.00028
1.00029
1.00136
1.00159
1.00141
0.999267
1.00163
1.0008
1.00056
1.00184
1
0.999307
1.00128
1.0014
1.00079
0.999587
1.00089
1.00154
1.00272
0.999387
0.998948
0.99831
1.00125
1.00024
0.999347
1.00263
1.00009
0.999334
1.00117
1.00088
0.999467
1.001
1.00024
1.00057
1.00013
1.00177
1.00266
1.00176
1.00032
0.99972
1.0021
1.00105
0.998616
0.999987
0.999867
1.00039
1.00037
1.00108
1.00081
1.00089
1.00035
1.00133
0.997895
1.00083
0.9996
1.00229
1.00193
0.999814
0.998668
1.00125
0.999347
1.00179
1.00017
0.999933
0.999427
0.999747
0.998575
0.99964
1.00227
1.00016
1.00085
0.998961
1.00192
1.00121
0.998787
1.00024
1.00109
1.00141
1.00224
0.999507
0.999081
1.00083
1.00191
1.00111
0.999454
1.00235
1.00175
1.00188
1.00128
1.00176
1.00012
1.00052
1.00092
1.00108
0.999254
1.00076
1.00109
0.999627
0.997751
1.00149
0.998802
1.00007
1.00112
1.00133
1.00063
0.998747
0.99968
0.99992
0.999494
1.00153
0.998655
0.998402
1.00175
1.00111
0.998868
0.999987
0.999134
1.00259
1.00187
0.999162
1.00056
1.00131
0.998496
1.00001
1.00096
0.999081
1.00005
1.00031
0.999973
0.99948
1.00009
1.00236
0.997698
1.00041
1.00249
0.999055
1.00178
1.00059
1.00068
1.00208
1.00041
0.999361
1.00144
1.00127
1.00348
1.00084
1.00263
0.998656
1.0008
0.999426
1.00049
1.00215
0.998162
0.998575
0.998803
1.00199
0.99964
0.999107
1.00103
0.998694
0.99972
1.00144
1.001
1.00001
0.999681
1.00109
1.00047
0.997537
1.00005
1.00103
1.00155
1.00152
0.99804
0.99984
1.00044
1.00037
0.999201
1.00021
0.999268
0.998615
0.998588
1.0004
0.999773
1.00196
1.0008
0.999453
1.00011
1.00023
1.00117
1.00213
0.99984
1.00044
1.00059
1.002
0.999494
0.997814
1.00228
1.00009
1.00056
1.0004
1.0023
1.00115
0.99956
1.00092
0.999374
0.999773
1.00148
1.00137
1.0002
0.9994
0.999414
1.00128
1.00027
1.00248
1.00137
1.00157
1.0004
0.999081
0.998227
1.00055
0.999361
1.00037
1.00159
1.00125
1.00173
1.00052
1.00064
1.0004
1.00137
1.00012
1.00024
0.999467
0.998842
0.996983
1.00136
1.00052
0.999121
0.999481
0.999161
0.998441
1.00091
0.99968
1.00025
1.00223
1.00288
0.998842
0.99984
0.998562
0.999773
1.00027
0.998255
1.0008
0.999734
0.999175
1.00097
1.00087
1.00024
0.998775
1.00017
1.00037
1.00007
1.00151
1.00107
1.00043
1.00084
1.0004
0.999667
1.00011
0.999694
1.00029
1.00127
1
1.00069
0.999508
1.00093
1.002
0.999813
1.00116
1.00081
1.00116
1.001
0.999734
0.999334
0.99984
0.999481
1.00084
1.00023
1.00143
0.999401
0.999627
0.9998
1.00193
1.00175
1.00164
1
0.999627
1.00031
1.00032
1.001
0.9998
1.00146
0.99984
1.00067
1.00023
0.999667
1.00057
0.99948
1.00015
0.99916
0.998164
0.999254
1.00141
0.999773
1.00156
1.00125
1.00107
0.999374
1.00035
1.00089
1.00143
0.999227
0.999694
1.00192
1.00041
1.00044
1.00085
1.00097
0.998483
1.00029
1.00071
1.00071
0.9998
1.00047
0.999933
1.00028
1.00056
0.999255
0.997351
0.999707
0.99972
0.999188
0.998855
1.00047
0.999494
0.999281
0.999055
1.00216
1.00091
0.999587
1.00009
1.00013
0.999893
0.999587
1.00003
0.998974
1.00065
0.999867
1.00176
0.999907
0.999907
1.00233
0.998469
1.0018
0.999188
0.999428
0.99996
1.00176
1.00171
1.00176
0.998535
1.00008
1.00156
1.0004
1.00144
1.00055
1.00115
1.00012
0.999827
0.999654
0.999733
1.00119
1.00033
1.00206
1.00105
1.00254
1.00091
1.002
1.00088
1.00015
1.00248
0.99956
1.00192
0.998401
0.999667
0.999334
1.00108
0.998816
1.0012
0.998308
1.00157
0.999494
1.00141
1.00079
1.00084
1.00064
1.00194
0.999228
0.998949
1.00073
1.00043
1.00021
1.00095
0.999613
1.00055
0.9996
1.00049
1.0012
1.00033
1.00101
0.999015
0.99932
1.00103
0.999308
1.00029
0.999307
1.00132
0.999813
1.00133
1.00008
1.00254
1.00176
0.99996
1.00157
0.999747
1.00089
1.00079
1.00067
0.998016
1
1.00021
1.00084
1.00139
1.00031
0.999254
1.00111
1.00115
1.00089
0.998164
1.00199
0.998215
1.00338
1.00136
0.999374
0.999081
1.00061
1.00055
1.00282
1
1.00093
0.998949
1.00223
1.00047
0.997964
0.999347
1.00164
1.00137
1.00101
0.999987
1.00076
0.999973
0.999507
0.998708
1.00092
1.00176
1.00095
0.999373
0.998763
0.999307
0.997363
0.999574
0.997711
1.0021
1.0002
0.999907
1.00075
0.999573
1.00065
1.00059
0.998788
0.999694
1.00093
1.00048
1.00067
1.00031
0.997901
1.00238
0.99972
1.00161
0.999054
0.999707
1.00016
1.00044
0.999694
0.999787
1.00024
1.00072
0.999587
0.998455
1.00256
1.00145
1.00175
0.999174
1.00067
1.00004
1.00009
1.00039
1.00228
0.999068
0.999787
1.00036
1.00011
1.00113
1.00083
1.00064
1.00007
1.00016
1.00013
1.00039
0.99944
0.999014
1.0006
0.998948
1.00273
0.999973
1.00149
0.99996
1.00108
1.00277
1.0002
1.00093
1.00104
0.998134
0.999707
1.00171
1.0014
1.00085
0.998149
1.00105
1.00031
1.00003
1.00023
1.00141
1.00095
0.999973
1.00041
0.999494
1.00211
0.999654
1.00051
1.0024
0.999067
0.9998
1.00033
1.00161
1.00105
0.999441
1.00134
1.00128
1.00003
0.999174
1.00005
1.00208
0.998668
1.00261
0.998788
1.00084
0.998321
1.00039
1.00019
1.00035
1.00123
1.00165
1.00081
1.00025
0.999227
1.00141
1.00124
1.00072
1.00004
1.00081
1.00163
1.00111
0.999494
1.00008
0.999494
0.999507
1.00016
0.99992
1.00092
1.00128
0.998163
1.00176
1.00081
0.99755
1.00056
0.999933
0.999867
0.998362
1.00008
1.00047
1.00262
1.0002
1.00049
1.00175
0.998695
0.999108
1.0026
1.00137
0.999308
1.00087
0.999121
1.00047
0.999068
1.00273
1.00141
1.00064
0.998415
1.00151
1.00076
1.00009
1.00225
1.00076
1.0016
1.00027
0.999307
1.00073
1.00045
0.998454
1.00092
1.00016
1.00125
1.0004
1.0008
1.00083
1.00085
1.00169
0.998628
1.00181
0.998988
0.998469
1.00073
1.00069
0.999427
1.00129
0.99972
0.999614
1.00076
1.00068
1.00229
1.0006
1.00017
0.998123
1.00153
0.999787
1.00057
0.998496
1.00043
1.00083
1.00044
0.998034
1.00109
0.997671
1.0018
1.00079
1.00016
1.00033
0.999627
1.00084
0.998653
1.00071
1.00117
1.00107
1.0006
0.999774
0.998802
0.999547
1.00044
1.00013
0.999907
1.00107
1.00044
1.00039
0.999747
1.00141
1.00111
1.00009
1.00031
0.997565
0.99992
1.00028
0.997336
0.998642
1.00063
0.998389
1.00056
1.00039
1.00032
1.00135
1.00204
1.00187
1.00043
0.999747
1.00047
1.0016
1.00255
0.999787
0.999268
1.00145
1.00069
1.00232
0.999933
1.00108
0.99847
0.998563
1.00116
0.999814
0.9998
1.00104
0.999814
0.999907
0.999467
1.00065
1.00081
0.999707
1.00141
0.999574
0.999867
1.00108
1.00158
1.00257
1.00188
1.00179
1.00041
1.00121
1.00019
1.00235
1.00172
0.998362
0.997709
0.999308
1.00031
1.00077
1.00251
0.999573
1.00007
1.00028
0.999202
0.998628
1.00024
1.00099
1.00107
1.00104
1.00056
1.00149
0.999813
0.99964
1.00159
0.999294
0.999893
1.00221
0.99964
1.00092
0.998656
1.00032
1.00445
0.99996
1.00213
1.00057
0.999361
0.998016
1.00197
0.998214
1.00029
1.00333
1.00261
1.00105
1.00127
1.00159
0.99972
1.00135
1.00084
1.00051
1.00073
1.00129
1.00109
1.00087
0.999933
1.00131
0.999667
1.00027
1.00009
1.00139
0.999947
1.00071
1.00105
1.00045
1.00049
0.999761
1.00224
1.00023
1.00072
1.00011
1.00169
1.00093
0.999121
1.00061
0.997751
0.998987
1.002
1.00043
1.00108
1.00041
0.99984
1.00085
0.999933
1.00083
0.998814
1.0008
0.999667
0.999507
1.00012
1.0012
1.00059
0.999374
0.998748
1.00079
0.999867
0.999494
1.00023
0.999614
1.00143
1.00107
0.999707
1.00049
0.999334
0.99972
1.00093
0.998296
1.00204
1.00117
0.999813
0.999507
0.999029
1.00111
1.00219
0.998351
1.00076
1.00012
1.00085
1.00197
1.0006
1.00109
1.00029
1.00016
1.00004
0.999494
0.999907
1.00099
1.00175
0.998895
1.00107
1.00063
1.00181
1.00068
1.00008
0.999027
1.00032
0.998827
0.998868
0.999627
1.00126
1.00083
1.00096
0.99948
0.99863
1.00239
1.00007
0.999893
1.00127
1.00139
1.00025
0.999561
1.00015
1.00107
0.999614
1.00165
1.002
1.00111
1.00027
0.999107
1.00196
1.00079
0.999907
1.00161
1.00039
0.999095
1.00025
1.00009
0.999174
0.999027
1.00157
0.999614
1.00116
1.00124
1.00219
0.998974
1.00241
1.0008
1.00169
1.00055
1.00004
1.00144
0.999614
1.00143
0.999561
0.999161
0.99936
0.99972
1.00053
1.00131
1.00161
1.00045
0.999801
1.00147
1.00259
1.00224
1.00201
0.999201
0.999547
1.00099
1.00031
1.0002
1.00084
0.99863
0.999054
1.00096
0.998841
0.999467
1.00132
1.00092
1.00029
1.00064
1.00045
0.9996
0.999082
0.999174
1.00087
0.999534
0.998615
0.999494
1.00077
1.00056
1.00021
1.00031
1.00124
1.0002
1.00147
1.00095
0.998815
1.00133
1.00101
0.99972
0.999174
1.00096
1.00024
1.00048
1.00016
0.998336
1.00146
1.00016
1.00237
1.00211
1.00035
1.00097
1.00057
1.00027
1.00067
1.00001
1.00079
1.00152
0.998721
1.0014
0.999707
0.999453
0.999454
1.00056
1.00186
1.00089
1.00096
1.00108
1.00052
0.998309
0.999214
1.00266
0.99996
1.00155
1.00133
0.999521
1.00039
1.00115
0.99996
0.999734
0.999627
1.00008
0.999267
1.00176
1.00061
1.00099
0.999867
0.999321
0.999361
1.00121
0.99948
1.00012
1.00113
1.00152
0.998045
1.00139
0.998549
1.00048
1.00181
0.999334
1.00113
1.00108
0.999454
1.00132
1.00134
0.99992
1.00037
1.00204
1.00073
1.00144
1.00057
0.999827
1.00017
0.999281
1.00123
0.999455
1.00017
1.00071
1.00064
1.00052
0.999507
1.00085
1.00044
1.00071
0.999335
1.00024
1.00027
0.999667
1.00088
1.00156
1.00105
0.998749
0.999148
1.00179
0.998508
1.00172
0.999374
0.999054
1.00132
1.00045
1.00009
0.999574
1.00015
0.998549
1.0028
0.999893
1.00068
1.00207
0.999254
1.00051
1.00001
0.998017
0.998562
0.9996
1.00139
1.00117
0.99964
1.00127
1
1.00177
1.00181
0.998548
0.998308
1.00112
0.999081
1.00091
1.00072
1.00152
0.997498
1.00183
0.999707
1.00135
1.00037
1.00153
1.00111
1.00009
1.00064
0.998309
1.00015
1.00007
1.00156
1.00067
1.0014
1.00087
0.999041
1.00041
1.00241
1.00095
1.00053
1.00109
0.99984
1.00183
0.998961
1.00053
1.00068
0.997978
0.999667
1.00021
1.00056
0.999307
0.999814
1.00075
0.999161
0.999161
0.99988
0.999161
1.00248
0.997567
0.999268
0.99936
1.00113
1.00087
1.001
0.998974
0.998895
1.00044
1.00113
1.00084
0.999467
0.99988
0.999574
1.00091
1.00064
1.00084
0.99992
1.00003
1.0016
1.001
1.00211
1.00029
1.00071
1.00039
1.00129
1.00334
1.00023
0.999454
1.0008
1.00032
1.00032
1.00004
1.0018
0.998736
1.00216
1.00095
1.00236
1.00071
1.00055
1.00379
0.99992
0.999614
1.00186
1.00093
1.00029
1.00087
0.999694
0.999773
0.998975
0.998788
0.998988
1.00049
1.00181
0.99779
0.999055
1.00017
0.99815
0.999893
1.00145
0.997551
0.999067
1.00033
1.00096
0.999627
1.00121
1.00039
0.998547
1.00052
1.00045
1.0016
1.001
1.00093
1.00061
1.00056
1.00209
0.999947
1.00244
0.999987
1.00061
0.999733
1.00063
1.00036
1.00049
1.00148
1.00327
1.00242
0.999627
1.00035
1.00144
1.00255
0.998988
1.00143
1.00299
1.00087
0.999667
1.00137
0.999947
0.9994
1.00061
1.0008
1.00105
0.999893
1.00105
0.998683
1.00358
1.00093
0.999933
1.00099
1.00211
1.00129
0.999095
0.999282
0.999388
0.998919
1.00053
1.00036
0.999495
1.00147
1.00059
1.00108
1.00117
1.00089
0.999134
1.00027
0.999787
1.00044
1.00088
0.999947
1.00081
1.00236
1.00051
1.00079
1.00127
1.00131
1.00204
0.999987
1.00103
0.99992
1.00036
1.00072
1.00111
1.00184
1.00143
0.998031
1.00172
0.99976
1.0008
1.00124
0.999573
1.00015
0.999401
0.99952
1.00076
1.00149
1.00073
1.00104
1.00047
1.00151
1.00215
0.999027
1.00112
1.00125
1.00111
1.00133
1.00167
1.00261
0.9998
1.00061
1.00015
1.00156
0.999507
1.0004
1.002
0.999401
0.999521
1.00116
0.999707
1
0.999973
0.9996
1.00113
0.999627
0.999827
1.00033
1.00059
1.00029
1.0008
1.00128
1.00095
1.00033
1.00043
1.00184
1.00268
1.00164
1.0022
0.999947
0.999027
1.00027
0.999307
0.99976
0.998737
0.999813
0.999334
1.00064
1.00116
1.00155
1.00028
0.999082
1.00202
1.00091
1.00242
1.00057
1.00179
1.00165
1.00036
1.00021
0.99787
1.00197
0.999587
1.00176
1.00016
1.00145
1.0008
1.00153
1.00023
1.00136
1.00123
1.00135
0.999094
1.00203
1.00123
0.999254
0.9998
1.00044
1.00041
1.00096
0.999534
1.00233
1.00208
0.998283
1.00081
1.00032
0.99976
1.00111
1.00305
1.00147
1.00064
1.00043
1.00103
1.00045
0.999069
1.00052
1.00016
1.00143
1.00149
1.00197
0.999294
0.9998
1.00029
1.00021
1.00004
1.00163
1.00175
0.999028
1.00027
0.997898
0.997219
0.999121
1.00109
0.998961
0.997978
1.00037
1.00123
0.998203
0.999134
0.99988
1.00187
1.00107
0.99892
0.999774
0.999507
1.00044
1.00111
1.00099
1.00123
0.99968
0.999135
0.998548
0.999853
1.0012
1.00052
0.999787
1.00171
1.00044
1.00039
0.999694
0.999347
1.00117
1.00262
1.0008
1.00164
1.00119
1.00167
1.00237
0.999587
0.999268
1.00157
1.00095
1.00023
0.999401
0.99968
0.999973
0.999707
0.999307
1.00179
1.00037
1.00068
1.00083
0.99984
1.00044
0.999507
0.999667
1.00013
0.999827
1.00284
0.998403
0.998124
1.00049
1.0002
1.00016
1.00136
1.00088
0.998682
0.99996
1.00089
1.00037
0.997472
1.00008
1.00031
1.0022
0.99996
0.998094
1.00144
1.00004
0.999907
1.00219
0.999467
0.999534
1.00071
1.00207
0.998562
1.00376
1.00051
1.00097
1.00205
1.00129
1.00039
1.00079
0.99976
1.00023
0.999148
0.99928
1.00095
1.00053
0.999321
0.999693
1.00001
1.00131
1.00163
1.00055
1.00109
0.998468
0.999174
1.00123
1.00199
0.999947
1.00113
1.00041
0.998762
1.00021
1.00207
0.998775
0.998455
1.00117
1.00028
1.00093
0.999787
1.00117
1.00116
0.999001
0.99896
0.999707
1.00168
1.00184
0.99952
1.00185
1.00021
1.00076
1.00005
1.00008
1.00181
0.998735
0.999587
0.999733
1.00091
1.00055
1.00039
0.997953
1.00151
1
1.0014
1.00252
0.999973
0.999854
0.999933
1.00043
1.00323
0.998085
1.00147
0.999707
1.00133
1.00151
1.00176
0.999254
1.00153
1.00005
0.998495
0.998749
0.999347
0.998363
1.00071
1.0006
1.00013
1.00235
0.999068
0.999734
1.00067
0.998547
1.00071
0.997314
1.00175
1.00233
1.00095
1.00165
1.00173
1.00103
1.0038
1.00119
1.00092
1.00179
1.00077
0.998988
0.999614
0.999427
1.00139
1.00077
1.00108
1.00043
0.999973
1.00057
1.00121
1.00087
1.00007
1.00155
1.00107
1.00111
1.00076
1.00064
1.00048
0.999827
1.00297
1.00079
0.999893
1.00015
0.999814
0.999574
1.00035
1.00276
1.00116
0.999933
0.99972
1.00068
1.002
0.999747
0.999933
1.00153
1.00149
0.997844
0.998201
1.00113
1.00024
0.998789
0.999734
1.00095
1.00151
0.999147
1.00203
0.99996
1.0018
0.998683
0.998813
1.00143
0.998788
1.00025
1.00192
0.999947
1.00096
0.999787
1.00129
1.00077
0.99996
0.999933
0.999733
0.998829
1.00067
0.998975
1.001
1.00047
1.00328
1.00003
1.00119
0.999653
1.00009
1.00069
1.00041
1.00204
1.00036
0.998588
0.999867
1.00101
1.00109
0.99924
1.00028
0.999055
0.998469
1.00019
1.00132
1.0002
0.99968
1.00044
1.00139
1.00131
0.999467
1.00068
1.00077
0.999827
1.00051
1.00089
0.999187
0.999867
1.00083
0.999401
1.00127
1.00031
1.00121
1.00196
0.999334
1.00204
1.00049
1.00232
0.99916
0.998576
1.00008
0.999947
1.00133
0.999387
0.999242
1.00019
1.00049
0.998802
1.00007
0.99996
1.00182
1.00064
1.0008
1.00127
0.999933
1.00129
1.00052
0.998232
1.00171
1.00159
1.00131
1.00163
1.00043
1.00121
1.00023
1.00076
0.999787
1.00008
1.00073
0.999121
1.00108
1.00085
0.999375
0.99839
1.00128
1.00015
1.00183
0.998176
1.00113
1.00163
0.998814
0.999521
1.00111
0.999281
1.00243
0.99988
1.00031
0.998736
0.99984
1.00023
1.00171
1.00027
1.00063
0.999002
0.99884
0.99968
1.0008
1.00096
1.00107
1.00096
1.0016
1.00044
1.00025
1.00032
1.00216
1.0008
0.998627
1.00057
0.998682
1.00136
0.999122
1.00093
1
1.00099
0.999348
1.00119
1.00068
1.00147
1.00011
0.997847
0.998962
0.999307
1.00117
0.999121
1.0004
1.00129
1.00084
1.00221
1.00123
0.998868
0.9994
0.998561
0.999973
1.00004
0.999627
1.00101
1.00268
1.00032
0.9998
0.999973
0.999773
1.00177
0.999987
1.00099
0.999534
0.9998
0.998176
1.00093
0.999534
0.999281
1.00152
1.00168
1.001
0.99988
1.00205
1.0018
0.99992
1.00271
0.999467
1.00075
1.00031
1.00119
1.00191
1.00073
1
1.00096
0.99968
1.00192
1.00115
1.00207
1.00036
1.00088
0.999374
1.00103
1.00119
0.999933
1.00048
0.999001
0.999907
1.00024
1.00197
0.999454
1.00032
1.00016
1.00027
1.00168
1
0.998495
1.00028
1.00108
1.00364
0.99988
1.00073
1.00003
0.99964
0.999787
0.999614
0.998908
0.997338
1.00099
1.00116
0.999827
1.00109
1.00033
0.998894
1.00063
1.00025
1.00009
1.00048
1.00077
1.00053
0.999933
1.00212
0.99888
0.999014
1.00039
1.00032
1.00115
0.999787
1.00199
1.00067
1.00037
1.00133
1.00092
0.999681
1.00011
1.00052
1.00127
1.00015
1.00019
0.999973
1.00009
1.00104
1.00021
1.00048
1.00023
1.0014
0.999693
0.99992
1.00057
0.9998
0.999627
0.999774
0.9996
1.00233
1.00067
0.999241
1.00356
0.999734
0.998908
1.00105
1.00105
0.999734
0.998642
1.00152
1.00111
0.999427
1.00023
1.00187
1.00209
0.999282
1.00151
0.998697
1.00001
0.999295
0.999933
1.00151
1.00135
1.00079
1.00212
1.00044
0.9998
1.00072
1.0025
1.00181
1.00045
1.00009
0.999574
1.00168
1.00184
1.00309
1.00068
1.00109
0.998922
0.999001
1.00131
0.999002
1.00063
1.00091
0.999533
0.999027
1.00016
0.999041
1.00067
1.00068
0.99976
1.00056
1.00209
0.999987
1.00087
1.00319
0.99912
1.00223
1.00049
1.00005
1.0014
1.00318
0.999933
0.998214
0.998668
0.99964
1.00073
1.00108
0.99988
1.00152
0.996954
1.00076
1.00043
1.00063
1.00007
1.00084
1.00124
1.00136
1.00059
1.00057
1.00072
1.00025
0.99996
1.00067
1.00005
0.998202
0.99952
0.999574
1.00112
1.00085
1.00089
0.997748
1.00015
1.00101
1.00093
0.99964
1.00049
0.99948
1.00095
1.00125
1.0004
1.00147
1.0014
1.00031
1.001
1.00085
1.00186
1.00184
1.00069
0.999827
0.999347
1.00148
1.00208
1.00119
1.00145
1.00025
1.00199
1.00172
1.00137
0.998763
1.00079
1.00303
1.00101
0.999773
1.00069
0.999667
1.00076
1.00063
1.00056
1.00107
0.99984
0.99799
1.00188
0.999467
0.99988
1.00029
0.999653
0.99972
1.00157
0.999987
1.00093
0.998721
0.999241
1.00125
1.00023
1.00183
0.99996
1.00063
1.00213
1.00051
0.999374
0.999773
0.999507
1.00201
0.999707
0.999174
1.00208
1.00047
0.999241
1.00073
1.00097
1.00023
1.00083
1.00084
1.00068
1.00121
1.00084
0.998775
1.00159
0.999907
1.0014
1.00004
1.00004
1.00169
1.00141
0.99988
1.00267
1.00001
0.999507
1.00087
0.9996
1.00097
1.00124
1.00088
0.999534
0.999694
1.00041
1.00144
1.00172
1.00076
1.00012
0.999627
1.00089
1.00032
1.0026
1.00152
1.00096
1.00047
0.99984
1.00093
0.99976
1.00196
1.00139
0.998868
0.999468
1.00195
1.00136
0.999481
0.997788
0.999414
0.999201
0.99988
0.999108
0.998097
0.998667
1.00095
0.999108
1.00127
1.00037
1.00047
0.999747
1.00057
0.999121
1.00163
1.00067
1.00027
0.998136
1.00029
1.00056
0.999175
1.00055
1.00121
0.999907
0.999254
0.998894
0.998667
1.00108
1.0016
1.00073
0.998457
0.999667
0.999933
1.00108
0.999028
1.00228
0.997775
0.997392
1.00157
1.00175
0.999494
0.998961
1.00069
1.00148
1.00121
1.00035
0.99976
1.00092
1.00264
0.999893
1.00024
0.999281
0.999361
1.00053
1.00019
0.99972
1.00025
0.99972
0.99956
1.00041
0.998935
1.00016
1.00037
1.00024
1.00124
0.998469
0.998311
1.00011
0.998989
1.00059
0.999268
0.999374
0.998177
1.00045
1.00097
1.0034
1.00057
1.00145
1.00039
1.00067
0.9996
1.00176
1.00132
1.00055
1.00013
1.0008
1.00257
0.999587
1.00072
0.999214
1.00051
0.999933
0.99964
1.00219
1.00023
1.00029
0.998655
1.00064
1.00067
0.999068
1.00051
1.00152
1.00197
1.00027
1.00079
1.00024
1.00258
0.999334
0.999427
1.00076
0.998576
1.00067
1.00356
1.00055
1.00085
1.00168
0.998696
1.00083
0.999733
1.00047
1.00171
0.998296
1.00272
1.00205
1.00147
0.999827
0.998015
1.00039
1.00173
1.00261
1.00089
1.00023
1.00068
0.998363
1.00218
0.999468
1.00009
0.999573
1.00108
0.998507
0.998696
0.99888
0.997949
1.00231
0.999094
1.00169
1.00168
1.00147
0.999707
1.00019
0.999387
1.00207
1.00057
1.00153
0.99992
1.00164
1.00107
0.998602
0.999667
0.999468
1.00098
0.999387
0.999547
1.00037
0.999095
1.00241
0.999626
1.00149
1.00065
1.00041
1.0022
1.00003
0.999241
0.998296
1.00115
0.999507
1.00097
1.00107
1.00095
0.998377
1.00112
1.00108
1.00168
0.999002
1.00163
0.99964
1.00021
1.00061
0.999667
0.999147
0.999733
1
1.00116
0.999667
0.998417
0.999347
0.99972
1.00052
0.99976
1.00139
1.00081
1.00001
1.00019
1.00064
1.00179
0.999348
1.00116
1.00059
0.998218
0.998922
1.00205
1.00183
0.999587
1.00115
0.997297
1.00084
0.999281
0.998921
0.999707
1.00156
1.00015
0.999015
0.999787
0.998828
0.99964
1.00053
1.00056
1.00105
0.999587
0.99988
0.998536
0.998216
1.00113
1.00161
0.997672
0.99944
1.00151
1.00077
1.00453
0.999173
0.997458
1.00023
1.00135
1.00056
1.00076
0.999827
1.00012
1.00024
0.997897
1.00023
1.00101
0.999521
1.002
1.00035
1.00085
1.00177
1.00147
1.00059
0.999854
1.00099
1.0004
1.00213
1.00144
1.00055
0.99992
1.00036
0.999361
0.999947
1.00067
1.00017
1.00282
1.00064
1.00005
1.00113
1.00129
1.00093
0.99988
0.999547
0.9998
0.997176
1.00156
1.00181
1.00108
1.00027
1.00007
0.999867
1.00144
1.00037
1.00215
0.999707
1.00021
0.999241
0.998855
1.00077
1.00041
1.00131
1.00015
0.99988
1.00175
0.999733
1.00005
0.998068
1.00053
1.00212
1.00012
1.00063
1.00044
1.00053
1.00055
0.999521
0.999455
0.999893
0.998989
0.99867
0.998162
1.00214
1.00049
1.00168
1.00119
1.0022
1.00025
0.998774
1.00113
1.00021
0.999614
1.0002
1.00119
1.00047
1.00085
1.00103
1.00175
0.998602
0.998842
0.999068
1.00128
0.999201
1.00084
1.00031
0.998801
0.999002
1.00033
1.00001
1.00199
0.999574
1.00123
1.00105
0.999056
1.00073
0.999281
1.00076
1.00104
0.999016
1.00009
0.99912
1.00315
0.999827
1.00117
1.00032
0.999054
1.00173
1.00075
1.00166
0.999547
0.999254
1.00036
1.00244
1.00004
1.00188
1.00173
1.00152
1.00189
1.00012
1.00103
1.00136
1.00031
1.00141
1.00213
0.999321
1.00104
0.998614
1.00023
1.00212
1.00137
1.00085
0.998655
1.00024
1.00091
1.00017
1.00063
1.00036
0.999507
0.99992
1.00112
0.999787
0.998323
1.0002
1.00024
0.998298
1.001
1.00177
0.99702
1.00052
1.00121
1.00167
1.0024
1.00008
1.00052
1.00168
1.00152
1.00145
1.00004
1.00133
0.996609
0.998319
1.00092
1.00051
0.999427
1.00164
1.00044
0.999414
0.997736
0.999587
1.00069
0.999587
0.999321
0.999414
1.00165
0.998694
0.998389
1.00079
0.998933
0.998562
1.00003
1.00035
0.998576
1.00093
1.00112
0.99964
1.00008
1.00141
1.00027
1.00093
0.999561
1.00033
1.00033
1.00097
1.00239
0.999334
1.00075
0.999202
0.999533
1.00073
1.00075
1.0028
0.998215
1.00003
1.00063
0.998416
1.00021
1.00153
0.999813
0.998843
1.00011
1.00037
0.999987
0.999281
1.00208
1.00036
0.9992
1.00051
1.00223
0.999973
1.00077
0.999534
1.00067
1.00013
1.00177
1.00032
0.99964
0.998109
1.00284
1.00284
0.9996
1.00129
1.00091
1.00016
1.00003
1.00255
1.00101
1.00185
1.00071
0.999547
0.999747
1.00172
1.0002
1.00286
0.999228
1.00197
1.00238
1.00115
1.00003
1.00155
1.00043
1.00023
1.00127
1.00112
1.00061
0.998667
1.0002
1.00221
1.00083
1.00215
1.00188
0.9998
1.00108
0.999653
1.00221
1.00097
1.00181
1.00073
0.999241
0.99916
1.00137
0.997671
1.00093
0.9998
1.00059
1.00083
1.00179
1.00048
1.0004
1.00127
0.998802
1.00028
1.00096
0.999334
0.999534
1.0004
1.0018
1.00073
1.00116
0.999188
0.999281
0.999947
1.00004
0.99996
1.00136
1.00059
0.998987
0.999547
0.998509
1.00068
1.00152
1.00051
1.00061
0.999907
0.999627
0.9996
0.998802
0.998577
0.99928
1.00095
0.999907
1.00139
1.00032
0.997499
1.00136
0.999893
1.00268
0.999081
0.998855
1.00177
1.00209
1.00109
0.999481
1.00231
0.998548
0.99988
1.0008
1.00045
1.00089
1.00049
0.998815
0.999694
1.00171
1.002
1.00101
0.9994
0.999627
1.00068
1.00091
0.999187
1.00212
1.00152
1.0016
1.00065
1.00232
1.00068
0.99819
0.999867
0.999148
1.00132
1.00116
1.00095
0.999747
1.00079
1.00128
1.00061
1.00016
1.00048
1.00211
1.00107
0.997299
0.999427
1.00116
1.00241
1.00179
1.00161
0.999334
1.0024
0.999973
1.00084
1.00139
1.00209
1.00045
0.99976
1.00007
1.00152
0.999253
0.99803
1.00093
0.99976
0.99996
1.00035
1.00144
1.00015
0.998909
0.998908
0.999361
1.00112
1.00068
1.00153
1.00067
1.00149
1.00033
1.00099
1.00095
1.00132
1.00017
0.998842
0.997857
0.999747
1.00295
0.998335
1.00204
1.00164
0.999547
1.00177
1.00021
0.999041
1.00109
1.0012
1.00152
1.00043
1.00004
1.00157
0.998681
1.00208
0.999334
0.999747
1.00008
1.00024
1.00215
1.00096
1.00132
1.0014
0.999627
1.00153
1.00215
1.00095
0.999187
1.00208
1.00083
1.00028
1.00029
1.00047
1.00024
1
1.0006
0.998762
1.00124
0.998735
0.999041
0.9998
0.99863
1.00033
1.00049
1.00003
1.00089
1.00068
1.00031
1.00141
1.0004
0.997047
0.99924
1.00101
0.998974
1.00232
1.00203
1.00057
1.00176
1.00024
1.00173
0.999654
1.00099
1.00088
1.0025
1.00203
1.00173
1.00043
0.998881
1.00009
1.00184
1.00065
1.00175
0.998269
0.99992
1.00089
1.0016
0.999533
1.00097
0.999893
0.999015
0.99944
0.99988
1.00028
0.99996
1.00136
1.00119
1.00088
1.00045
1.00299
1.00135
1.00031
1.00021
1.00005
0.999667
0.999347
0.99819
0.999135
0.998961
0.999907
0.999987
1.00052
1.00053
0.999574
1.00056
0.997152
1.0016
0.999614
1.00231
1.00219
0.999601
1.00104
1.00172
0.999827
0.999827
1.00199
1.00152
1.00111
1.00012
1.00112
0.999134
1.00069
0.999481
0.999175
1.00093
1.00061
1.00005
1.00101
1.00029
1.00023
1.00012
1.00128
1.00105
1.00064
1.00041
0.999347
1.00227
0.999001
1.00103
0.999573
1.00141
0.999028
0.999987
0.999827
1.00001
0.998297
0.999029
0.99823
0.999627
0.999614
1.00116
1.0006
1.00075
1.00045
0.999653
1.00251
0.998362
1.00208
0.999041
1.00025
1.00093
1.00107
1.00001
0.999042
0.998962
1.00064
1.00292
1.00081
0.998907
1.00127
0.999853
1.00079
1.00113
1.00083
1.00009
1.00071
0.999427
1.00109
0.999334
1.00211
0.998907
1.00088
1.00011
1.00055
1.00149
1.00224
1.00333
1.00047
1.00101
0.998535
0.998761
0.999773
1.00032
0.99988
1.00067
1.00117
0.99996
1
1.00275
1.00104
0.999094
0.999893
0.998375
1.00056
0.997818
0.999573
1.00164
0.999003
1.00051
0.999653
1.00132
0.999002
1.00067
1.00047
1.00216
1.00143
1.00168
0.999534
1.00044
1.001
1.00089
1.00095
1.00173
1.00025
1.00132
1.0002
0.999281
1.00075
0.999055
1.00041
0.998178
1.00333
1.00348
1.00069
1.00169
1.00096
1.00035
1.0002
0.99992
1.00085
0.999055
1.00172
1.00151
0.999547
1.00023
0.999721
1.00203
0.999268
0.999546
0.99976
0.999987
1.00019
0.999268
1.00121
0.999014
0.999281
1.00212
1.00017
1.00045
1.00011
1.00117
0.998268
1.00005
1.00145
0.999374
0.99944
0.999933
1.00087
0.999707
1.00025
1.00039
1.00012
1.00116
1.00227
1.00037
1.00251
1.00133
0.999721
1.00195
0.997589
0.999867
0.99956
0.999334
1.00175
1.00027
0.999414
1.0012
0.998775
1.0012
1.00128
0.999654
1.0006
1.0018
1.00095
1.00068
0.999134
0.999694
1.00213
0.999187
0.998614
0.999373
1.00057
0.999081
0.999587
1.00055
1.00269
0.998857
1.00088
1.00021
1.00067
1.00261
1.00132
0.999361
1.00016
0.998868
0.998801
1.00063
1.00068
1.00209
1.00064
1.00079
0.999987
0.999561
1.00161
0.999321
1.00072
0.99992
0.998974
1.00084
0.99976
1.00104
1.00017
1.00044
1.00193
1.00167
1.00083
1.00076
0.997748
0.999508
1.00045
0.99944
0.999667
1.00111
0.998907
1.00324
1.00121
1.00172
1.00072
0.999015
0.99984
1.00103
1.00027
1.00208
1.00065
1.00087
0.999694
0.999666
1.00013
0.99964
1.00071
1.00181
1.00052
1.00116
1.00017
0.999307
1.00152
1.0018
1.00019
1.00163
1.00099
0.99984
0.99964
1.00125
1.00013
1.00367
1.00043
1.00275
0.99992
0.999507
1.00057
1.00072
1.00077
1.00069
0.999933
0.99912
0.999202
0.998589
1.0002
0.998482
1.00021
1.00097
1.00184
1.00103
0.998882
1.00012
1.00227
1.00115
0.998747
0.999773
0.999987
1.001
1.00352
1.00049
1.00252
0.999254
0.99976
1.00144
1.00071
0.9998
0.99992
1.00045
0.999162
0.999814
0.999707
0.99996
0.99976
1.00246
1.0012
1.00081
0.99988
0.999055
0.999747
0.999667
0.9998
1.00173
1.00032
1.00083
0.999774
1.00116
1.00121
0.999267
0.999467
1.00065
1.00119
1.00151
1.00015
1.00076
1.00139
1.00113
1.00183
0.999933
1.00081
1.00043
1.00045
1.00076
0.999933
1.00009
0.999614
1.00093
1.00092
1.00149
0.999773
1.00133
1.00063
0.998188
0.998737
1.00187
0.999614
0.998856
1.00177
1.00092
0.999254
0.999734
1.00109
1.00048
0.999241
1.00104
0.999054
0.998231
1.00273
0.999867
0.999321
1.00101
1.00064
1.00035
0.99984
1.00124
1.00035
1.00164
1.00027
1
1.00125
1.00219
1.00207
1.0026
0.999947
1.00029
1.00045
1.00148
1.00177
1.00125
1.00117
1.00033
1.00036
0.997431
1.00188
1.00117
1.00057
1.00176
0.999267
1.00017
1.00111
1.00113
1.00092
1.00262
1.00081
1.00052
1.00044
1.00077
0.99972
0.998909
1.00079
1.00127
1.00087
1.00276
1.00244
1.00008
1.00061
1.00141
1.00323
0.998629
1.00071
1.0019
1.00065
1.00032
1.00023
0.999747
0.999867
1.00063
1.00025
1.00139
1.00084
0.999188
1.00113
0.999707
1.00167
1.00041
0.999747
0.99992
1.00032
0.999973
1.00227
1.00145
0.999387
0.99972
1.00139
0.999281
1.00052
1.00068
0.998149
1.00206
1.00011
1.00147
1.00088
0.99984
1.00075
1.00092
1.00077
0.999109
0.999267
1.0006
0.999587
0.999867
1.00051
0.999987
1.0004
0.998855
1.00055
0.999454
0.999573
1.00045
1.00121
1.00037
1.00061
0.997766
0.999973
0.999187
1.00079
1.00085
0.997952
1.00037
0.999614
0.998324
0.9994
1.00105
0.99948
1.00047
1.00133
1.00003
1.0014
0.999121
1.00079
0.998497
1.00224
0.999627
1.00017
1.00016
1.00237
0.99964
0.99988
1.00081
1.00169
1.00201
1.00163
1.00202
1.00084
0.99972
1.00077
1.00087
0.99968
0.999254
0.99964
1.00069
0.999987
1.00056
1.00031
1.00085
1.00147
1.0012
1.00065
0.997526
0.999494
1.00027
0.999401
0.998628
1.00007
0.999174
1.00039
1.00021
0.999973
0.999267
1.00105
0.999774
0.998707
0.999787
1.00128
1.00069
1.00167
0.997789
0.998548
1.00029
1.00047
1.00024
1.00048
0.999614
1.00115
1.00031
1.00099
1.00135
0.998906
0.999587
1.00035
1.00036
1.00163
1.00185
1.00167
0.99968
1.00056
1.00035
1.00151
0.99976
1.00194
0.998536
1.00041
0.999547
1.00197
1.00144
1.0006
0.999614
1.00045
0.99928
0.998309
1.00075
1.00143
1.00096
1.0024
1.00007
1.00167
1.00085
1.00072
1.00183
1.00189
1.00156
1.00127
1.00116
1.00028
0.998283
0.999094
1.00075
0.9998
0.999933
1.00069
1.00352
1.00051
1.00019
0.999067
1.00185
0.999773
1.00113
0.999787
1.00068
0.998457
1.00003
1.00157
1.0004
1.00103
0.999693
1.00001
1.00133
1.00071
1.00035
0.998882
1.00088
1.00231
1.00091
1.00015
1.00076
1.00084
0.998258
0.999507
0.999122
1.00221
1.00184
1.00084
0.999095
1
1.0022
1.00079
1.00151
1.00168
1.00187
1.00171
0.999454
1.0008
0.999867
1.00052
0.999653
1.00023
1.00015
1.00215
1.00121
1.00028
1.00159
0.999734
1.00072
1.00053
1.00261
1.00223
0.999854
0.999947
1.00069
1.00007
1.00169
1.00326
1.00127
0.99859
1.00117
0.998588
1.00136
1.00124
1.00051
1.00107
1.00083
1.00019
1.0004
0.99988
1.00103
1
0.998283
1.00011
0.99972
0.999933
1.00041
0.999787
0.999254
1.00125
1.00083
1.00264
0.999201
0.999268
1.00101
1.00152
1.00021
1.00189
0.999867
1.00093
1.00036
1.00109
0.99908
0.999254
0.998629
0.998321
1.00132
0.997935
0.998575
1.00084
0.999069
0.998628
1.00133
0.999521
1.00009
1.00101
1.00125
1.00031
1.00045
0.999133
1.00212
1.00157
1.00049
1.00071
0.998139
1.00043
1.00027
1.00004
0.999574
1.00137
1.00125
1.00204
1.00011
1.00253
0.998217
1.00157
1.00053
1.00111
1.00047
1.002
0.998789
0.998895
1.00116
1.00041
1.00083
1.00176
1.00076
0.999494
1.00101
1.00019
1.00164
0.999108
1.00055
1.00045
1.00068
1.00159
1.00065
0.998987
1.00173
0.999747
1.00001
0.999987
1.00114
0.998681
0.998176
1.00033
0.999893
0.998243
0.999108
1.00127
0.998681
0.9998
0.998403
1.00007
1.00234
0.999627
1.00012
1.00027
1.00107
1.00065
0.999893
0.999987
1.00024
0.99964
1.00085
1.00055
1.00069
1.00069
1.0015
1.0018
0.998882
0.999933
1.00084
1.00172
1.00334
1.00044
1.00036
0.999787
1.00056
1.0016
1.0018
1
0.999827
0.99992
1.00061
1.00139
1.00109
1.00013
0.998188
1.00049
0.999002
0.998894
0.999854
1.00104
1.00019
1.00111
1.00029
1.00017
1.00071
1.00023
1.00045
1.00073
0.999294
0.999334
1.00136
1.00028
0.999534
0.999654
1.00101
0.999813
1.00104
1.00088
1.00064
1.00084
1.00096
1.0018
1.00133
1.00129
1.00162
0.99863
1.00097
0.999121
1.00171
1.00183
1.00019
0.999454
1.00208
1.00153
1.00176
0.997632
1.00028
1.00047
0.999307
1.00085
1.00048
0.999693
0.9996
1.00109
1.00024
0.998749
1.00276
0.999387
1.00027
1.00044
1.0002
1.00108
0.997592
1.00127
1.0002
0.99956
1.00193
0.999747
1.00041
0.999028
1.00027
1.00151
1.00009
1.00037
1.00035
0.999733
1.00028
1.00093
0.999601
0.997802
0.999827
1.00152
0.999707
1.00003
1.00005
1.00048
0.999853
1.00179
1.00068
0.999201
1.00076
0.99968
1.00147
0.999201
0.99992
0.999135
1.00021
1.00177
1.0033
1.00024
0.999427
1.00325
1.00264
0.999267
1.00064
1.00187
0.99972
1.00216
0.999055
1.00044
0.998374
0.99972
1.00055
1.00053
1.00212
0.99972
0.99976
0.999373
1.00166
1.00028
1.00083
0.99956
1.00043
1.00143
1.00113
1.00092
1.00179
0.99992
1.00109
1
1.00087
0.999348
1.00181
0.999321
1.00088
1.00182
1.00241
1.00192
1.00187
1.00077
1.00092
1.00278
1.00072
1.00164
0.996847
1.00107
1.00076
0.999534
1.00039
0.998975
0.9998
0.999094
1.00097
1.00071
1.00168
0.999973
1.00278
0.999667
1.00127
0.999202
0.998308
1.001
1.0006
0.998562
1.00121
1.00064
0.999148
1.0012
0.998881
1.00097
0.996954
1.00008
0.999387
1.00147
1.00055
0.999082
1.00079
0.998842
0.999001
1.00055
1.00059
0.998922
0.998467
1.00153
1.00093
1.00011
0.99827
1.00083
1.00152
1.00169
1.00248
1.00108
1.00217
0.999241
1.00111
1.0032
1.0002
1.00153
1.00304
1.00097
1.00107
1.00155
0.998431
1.00205
1.00061
0.998814
0.998229
1.00168
1.00035
0.999268
1.00045
1.00214
1.00008
1.00073
1.00109
0.99988
1.00009
1.00075
0.999175
1.00165
1.00065
1.00056
0.999907
1.00037
1.00061
1.00292
1.00015
1.00176
1.00104
1.00205
0.99988
1.00089
1.00028
0.998309
1.00076
1.00113
1.00167
1.00105
1.00095
0.999241
1.0026
1.00035
1.00024
1.00079
1.00251
1.00044
1.00143
0.9996
1.00171
1.00135
0.999973
1.00075
0.999601
1.0036
1.00121
1.00093
1.00101
1.00148
1.00091
1.00017
1.00291
0.99984
1.00017
1.00076
1.00198
0.998895
1.00049
1.00115
1.00183
0.999534
1.00105
0.999853
1.00184
1.00218
1.00135
1.00093
1.00052
0.999654
0.999587
1.00195
1.00177
1.00012
0.999933
1.00107
1.00236
1.00011
1.00264
0.999667
1.00079
1.00089
0.998335
1.00205
0.999574
0.997854
0.998629
1.00069
1.00057
0.998801
0.998017
1.00119
0.998841
1.00223
0.99944
1.00108
1.0008
1.00153
1.00129
1.00028
0.998535
0.99992
1.00057
0.999161
1.00009
1.00033
1.00009
1.00227
1.00145
0.999414
0.999933
1.00249
1.00073
1.00049
0.997592
0.999853
0.999987
1.00187
1.00225
0.998508
0.998854
0.999001
0.999694
1.00067
1.0018
1.00087
0.999028
1.00035
0.999427
0.999987
1.00367
0.999427
0.999002
1.00088
1.00123
1.00055
0.99992
1.00056
1.00035
1.00108
1.0006
1.00191
0.999653
1.00049
1.00187
1.00005
0.996007
1.00027
0.997687
1.00228
1.00032
0.99976
1.00116
1.00015
1.00107
1.00264
0.999387
1.0016
1.00052
1.00067
1.00011
1.00228
1.00095
0.999907
1.00077
1.00067
1.00133
0.99964
1.00101
1.00017
0.99972
0.999254
1.00088
1.00221
0.998896
1.00005
1.00143
1.00189
1.00116
1.00063
0.999574
0.999507
1.00131
0.999521
1.00028
1.00035
0.999428
0.998722
1.00262
0.998867
0.999122
1.00149
0.999587
0.998468
1.00052
1.00052
0.999667
0.999308
0.998908
1.00121
1.00089
1.00163
1.00025
0.999494
0.998683
1.0002
1.00016
1.00178
1.0002
0.999694
1.00111
0.999627
0.998735
0.999029
0.999987
1.00059
1
1.00197
1.00068
0.999641
0.999468
0.999907
1.00123
1.00077
1.00013
1.00044
0.999787
1.00065
1.00017
1.00005
1.00009
1.00052
1.00103
1.00247
1.00016
0.998347
1.00119
0.99908
0.999481
1.001
0.999333
1.00197
1.00117
1.00129
0.999933
0.999334
0.99968
1.00008
1.00093
1.00009
0.999029
1.00125
1.00252
1.00036
1.00056
0.999015
1.00129
0.998987
1.00049
0.997724
1.00111
0.999361
0.999388
1.00303
0.999613
1.00053
1.00144
0.999108
0.998841
1.00111
1.00113
1.00144
0.998789
0.99988
0.999787
1.00005
0.999667
1.00024
0.998162
1.00001
1.00108
0.999374
1.00135
1.00153
0.99972
0.999973
1.00052
1.00059
1.0014
1.00024
1.00065
1.00123
0.998668
1.00073
1.00028
1.00043
1.00028
1.00045
1.00182
0.999401
1.0004
0.999681
0.99964
1.00209
0.998895
1.00262
1.00005
1.00117
0.999933
1.00097
0.999494
0.999587
1
0.998962
0.998243
1.00031
0.999814
0.998389
1.00093
0.999947
0.99851
1.00049
0.999947
1.00109
0.999028
0.996319
1.00169
1.00065
1.00039
1.00184
0.999014
1.00055
0.999454
1.00093
1.00009
0.999427
0.999854
1.00198
1.00112
1.00085
1.00003
1.00067
0.999388
1.00121
0.999614
1.00212
1.00133
0.999148
1.00107
1.00124
0.998483
1.00235
0.99992
1.00071
1.00145
1.00015
1.00108
0.999013
1.00072
1.00144
1.00235
1.00056
1.00113
1.00068
1.00228
0.998415
1.00063
1.00269
0.999653
1.00303
1.0008
1.00234
0.999627
1.00081
1.0002
0.999241
0.998881
0.998814
0.998323
1.00031
1.00016
1.00209
1.00145
0.999854
1.00165
1.00128
0.99996
1.00084
1.00095
0.999747
1.00041
1.00011
1.00087
1.00019
0.999547
1.00101
0.999121
1.00056
1.00104
1.00153
1.00083
1.00092
0.999854
0.999814
1.00067
1.00128
1.00196
1.00207
1.00011
0.999054
1.00173
1.00147
0.999254
1.00071
0.999613
1.00171
1.00095
1.00178
1.00163
1.00083
0.999893
1.00229
1.0012
1.00015
0.999467
1.00212
1.00381
1.00193
1.00107
1.00207
0.998988
0.998417
1.00019
1.00155
0.999654
1.00173
1.00049
0.999454
0.999907
0.99996
0.999081
1.00049
1.00155
1.00057
1.00136
0.999814
0.9998
0.999907
1.003
0.99952
0.998482
1.00167
0.998786
1.00043
0.999533
0.99968
1.00011
0.999161
1.00053
1.00012
0.999534
0.999827
0.999933
0.999428
1.00087
0.999201
1.00021
1.00035
1.00004
1.00461
0.998283
1.00203
0.998163
0.999387
1.00025
0.999494
1.00095
0.99996
1.00213
0.999947
0.999255
1.00043
1.00015
1.00168
1.00007
1.00077
1.00071
0.999694
1.00161
1.00044
1.00103
1.00009
1.00065
1.00029
1.00332
0.999428
1.00159
0.999933
0.999774
1.00139
1.00179
1.00009
1.00173
1.00001
1.00136
1.0008
1.00011
1.00192
1.00028
0.998828
0.99879
0.998882
0.998588
1.00268
1.00001
1.00148
0.998458
1.0029
0.999827
0.999401
1.00003
0.999813
1.00109
1.00127
0.998523
1.00115
1.00003
1.00043
0.999586
1.00053
0.999374
1.00039
0.999481
1.00108
1.00141
1.00037
1.00012
1.00081
0.997618
1.00053
0.999867
1.00052
0.998601
1.00173
1.00252
1.00064
0.999813
0.998455
1.00144
1.00191
1.00025
1.0004
1.00007
0.998922
0.999162
1.00029
0.999827
1.00087
1.00116
1.00176
1.00224
1.00052
1.00005
1.00057
1.00211
1.00029
0.99968
1.00033
1.00139
0.999707
1.00172
1.00076
0.999654
1.00123
1.00063
1.00029
1.0022
1
0.999188
1.00097
0.99936
1.00113
0.999987
0.999654
0.999654
0.999147
0.998696
0.999201
0.999081
1.00091
1.00077
1.00164
1.00188
1.00112
0.999135
0.999081
0.998975
0.998776
0.99976
0.999733
0.999055
1.00129
0.999867
1.00168
1.00047
1.00085
1.00174
1.00064
0.997829
1.00242
1.0002
1.00164
1.00123
1.00136
1.00069
0.998895
0.999441
1.00167
1.00095
0.999933
1.00145
0.99984
1.00032
1.00047
1.00252
1.00276
0.998045
0.998001
1.00149
1.00262
0.999534
0.999774
1.00246
1.00139
1.00077
0.999041
1.00055
0.99815
0.999467
1.0012
1.00093
1.00061
1.0016
1.00178
1.00109
1.00024
1.00032
1.00241
1.00107
0.99799
1.00109
0.998281
1.00199
1.00105
1.00157
1.00055
0.998708
1.00331
0.999667
1.00112
0.9998
0.9996
0.999933
1.00003
1.00267
1.00068
1.00127
1.0002
0.999774
1.00236
1.00067
0.999253
0.998257
1.0016
1.00027
1.00253
1.00153
1.00051
1.00235
1
1.00081
1.001
1.00304
1.001
0.999893
1.00179
1.00101
1.0021
1.00143
1.00011
1.00088
1.00152
0.997803
0.999401
0.999521
0.998402
1.00184
1.00045
1.00001
0.999161
1.00004
1.00073
0.999042
1.00029
1.00056
1.00031
1.00021
0.999453
1.00144
1.00088
1.00163
0.998801
1.001
0.999653
0.99972
1.00264
0.99988
1.00008
0.999147
0.999814
0.998482
1.00235
0.99932
1.00307
0.999653
0.999587
1.0016
1.00025
0.9996
1.00045
0.999054
0.99876
1.00092
0.999493
0.998162
0.999508
1
0.999494
1.00052
1.00024
0.9998
1.00084
0.998576
1.00076
1.00067
1.00213
0.998429
1.00008
1.00051
0.99952
0.998883
0.999441
1.00147
0.998455
0.99972
1.00165
0.999454
1.00139
1.00084
1.00147
1.00185
0.998403
0.999121
0.999774
0.999147
1.0006
0.99956
0.998933
1.00295
1.00307
0.99964
1.0002
1.00189
1.00045
1.00051
1.00055
0.999733
0.999774
0.997948
0.998033
1.00057
0.999347
1.00165
1.00248
1.00056
1.00111
1.00051
1.00203
0.998843
0.999507
1.0022
0.999827
0.998697
0.998774
0.999653
1.00189
0.998348
1
1.00223
0.999907
1.00151
1.00133
0.998669
0.999787
1.0029
1.00036
1.00247
1.00039
1.00263
1.00079
1.00036
1.00025
0.999334
1.00052
1.00115
0.999428
1.00123
1.00009
1.00064
0.999707
0.999
1.00005
0.999626
1.00069
0.999587
1.00087
0.99972
0.998454
1.00085
1.00137
1.00287
0.99988
0.998416
1.00232
0.999573
1.00103
0.999255
0.999947
1.00083
0.998257
1.00315
1.00157
1.00053
1.00076
0.999161
1.00183
1.00092
1.00009
1.00244
1.00035
0.999747
0.999028
1.00008
1.00079
1.00045
1.00144
1.00073
0.99936
1.00243
0.99948
1.00299
1.00019
0.998347
1.0006
1.00213
0.999427
0.998628
1.00028
1.00137
0.998828
1.00008
1.00052
1.00167
1.00373
1.00028
1.00053
1.00009
1.00155
1.00131
1.00009
1.00189
1.00027
0.99944
0.999907
1.00067
0.999041
0.999574
1.00089
1.00181
0.999347
1.0031
0.999453
1.00141
0.997763
1.0006
0.998243
1.00116
0.99992
0.99747
0.999667
1.00112
1.00213
0.999135
1.00035
0.997326
0.999733
1.00219
0.998561
1.00001
0.998416
0.998802
1.00051
1.00051
1.00019
1.00024
0.998922
1.00101
1.00108
0.999893
0.998536
1.00224
1.00187
1.00031
1.00115
1.00246
0.999214
1.00003
1.0021
0.999255
1.00077
1.00156
1.00019
1.00103
1.00013
0.998908
1.00011
1.00003
1.00209
1.0006
1.00019
1.00068
0.999627
0.997763
1.00036
1.00021
1.00107
0.998842
1.00024
1.00017
1.00159
1.00013
0.999987
1.00228
1.00279
0.999654
0.99968
1.00191
0.998749
0.999707
0.999827
1.00033
1.00179
0.999654
0.99928
0.999441
1.00307
1.00093
1.00211
1.00007
1.00208
1.00019
1.00023
1.00148
1.00012
0.99988
0.999814
0.998801
1.00024
1.00179
0.9996
0.998376
0.9998
1.00056
0.998589
1.00273
1.00171
1.00035
0.998734
1.00031
0.998309
1.00112
0.99726
0.999254
0.99992
1.00016
0.998801
1.00023
1.00008
1.00111
0.998736
1.00132
1.00065
1.00007
1.00119
0.998815
1.00023
1.00191
0.999627
0.999641
0.999014
1.00019
1.00025
0.997899
0.999813
1.00123
1.00003
0.999214
1.00039
0.998734
1.00065
0.999654
1.00101
1.00033
1.00083
1.00113
1.00004
0.999361
0.999547
0.998643
1.00036
0.999814
1.00119
1.00247
1.00124
1.00148
1.00291
1.00009
0.999907
1.00032
1.00017
0.999281
1.00043
1.00116
0.999947
1.00168
0.999707
0.99904
1.00119
1.00064
0.999308
1.00112
1.00081
0.999574
1.00184
0.997884
1.00096
1.00196
1.00015
1.00053
1.00188
1.00143
0.998934
1.00083
0.999454
1.00124
1.00057
0.99988
0.998282
1.00033
1.00079
1.00021
1.00115
0.999441
1.00084
0.99976
1.00177
1.00051
1.00015
1.00089
0.999387
1.00057
1.00185
0.998867
0.999614
1.00025
1.00175
1.00134
0.999081
1.00077
0.99827
0.999294
1.00111
1.00151
0.999055
1.00116
1.00069
1.00083
0.999587
1.00092
1.00117
0.999001
1.00109
0.999214
1.0002
0.999348
0.999467
1.00065
1.0002
1.00166
0.998534
1.00128
1.00136
0.998922
1.00011
0.999907
1.00121
0.999228
1.0004
1.00033
1.00272
1.00053
0.999467
1.00067
1.00183
1.00198
1.0014
0.999453
1.00007
1.00129
1.00096
1.00015
0.99932
1.001
1.00335
0.999041
1.00044
1.00103
0.998549
1.00227
1.00171
1.00101
1.00031
0.998868
1.00101
1.00037
0.999467
0.999294
1.00001
1.00188
1.00004
1.00173
1.00051
1.00162
1.00057
1.0014
0.998454
1.00099
1.00158
1.00035
1.00148
1.00104
0.999441
1.00076
0.999161
0.999907
0.999307
1.00259
1.00191
0.999907
1.00065
0.999281
1.00081
0.999574
1.00061
1.00161
1.00065
1.00088
1.00056
0.999161
1.0012
1.00083
1.00043
0.99968
1.00127
1.00156
0.999387
0.999733
1.00031
1.00216
0.999614
0.999082
1.00061
1.00075
1.00076
1.00057
0.999001
0.999507
1
1.00256
0.999454
0.998668
1.00003
1.00063
0.999414
1.00009
0.998602
1.00275
0.9996
1.00075
1.00151
0.999268
1.00049
1.00057
1.00115
1.00153
0.998335
0.999907
0.999121
1.0004
0.998363
1.00184
0.9994
1.00115
0.998668
1.00176
0.999121
0.998576
1.00023
1.00188
0.997977
0.998029
1.00056
1.00111
1.00159
1.00176
1.00095
1.00016
1.0017
0.999427
0.999787
0.99996
0.999148
1.00092
0.99996
1.00175
0.999787
1.00023
0.999374
0.999387
0.9998
0.99996
1.00128
1.00177
1.00104
1.00032
0.999507
1.00083
1.0026
1.00073
1.00068
1.00131
0.999268
1.00011
1.00033
0.999028
1.00029
0.999787
0.998789
0.998789
0.999693
1.00136
1
1.00119
0.998229
1.00129
1.00216
0.999573
0.999973
1.00119
0.999987
0.999561
0.999947
1.00212
1.00025
0.999242
1.00043
1.00041
1.00135
1.00157
1.00148
1.00111
0.998656
0.99896
1.0002
0.999481
1.00063
1.00168
1.00079
1.00056
0.998963
0.999533
1.00185
0.9973
1.0014
1.00064
0.999773
1.00012
0.998642
1.00051
1.00067
1.00137
0.999933
1.00263
1.00115
1.00035
0.999242
1.00131
0.999547
1.00037
0.998868
1.00125
1.00059
1.002
1.00167
1.00232
0.998909
1.0006
0.999361
0.998549
1.00057
1.00067
1.00129
1.00073
1.00069
1.00177
1.00087
1.00037
1.00085
1.00267
1.00236
1.00128
1.00088
1.00007
0.998668
1.00132
1.00016
0.999534
0.999242
1.00049
1.0004
1.00143
1.00092
0.999813
1.0014
0.999016
1.00149
1.00148
1.00165
1.00064
1.00069
1.00194
0.99984
0.998803
1.00193
0.999667
1.00063
0.999867
1.00032
1.00128
0.99956
0.999534
1.00064
0.999414
1.00108
0.998363
0.999747
0.998588
0.998548
1.00171
1.00247
1.00084
1.00087
1.00021
0.998814
1.00048
1.00183
0.999987
1.00121
1.00067
1.00164
0.998748
1.00172
0.999228
1.00068
0.999654
1.00193
1.00065
1.00183
1.00076
1.00197
0.998933
1.00175
1.00004
1.00155
1.00255
0.999147
1.00187
1.00088
0.999614
0.999813
1.00092
1.00096
1.00199
1.00108
1.00065
1.00144
0.997922
0.998855
1.00088
1.00053
1.00153
1.00016
1.00105
1.00175
0.998855
1.00088
1.00061
0.999573
1.00131
1.00024
0.998309
1.00099
1.00033
1.00136
1.00087
1.00096
1.0016
1.00077
0.998974
0.998054
1.00224
1.00051
0.998946
1.00079
1.00044
1.00125
0.998815
1.00079
1.00183
0.999241
1.00174
1.00271
0.999095
1.00061
1.00016
0.999441
1.00083
0.997776
1.00081
0.999055
0.998695
1.00099
1.00076
1.00005
1.00017
1.00013
1.00127
1.00068
1.00047
1.00215
0.999107
1.00025
0.9996
0.998016
1.00217
1.00196
0.999547
1.00232
1.00033
1.0006
1.00109
0.999107
0.998071
1.00035
0.99996
1.00052
0.999108
0.999494
1.00145
0.998508
1.00043
1.00288
1.00073
1.00067
1.00164
1.00201
0.999014
1.00077
0.999933
1.00165
1.0012
0.999055
0.999109
0.999255
0.999774
1.00004
1.00085
0.998562
0.999973
1.00065
0.999893
0.9998
0.997725
1.00333
1.00157
0.997988
1.00211
0.999361
1.00048
1.00072
1.00011
1.00001
1.00183
0.99956
1.00036
1.00064
1.00164
1.00228
1.00071
0.999947
0.999987
1.00077
1.00214
0.99872
1.00362
1.00023
0.999987
0.998948
1.00131
0.999226
0.999307
1.00144
1.00167
0.999973
1.0012
0.998216
0.999947
1.00053
1.00093
0.999707
1.00276
0.999015
1.0019
1.00059
0.999014
1.00184
0.999109
1.0012
1.00095
0.999002
1.00039
1.00025
1.00207
1.00232
1.00207
1.00029
0.99884
0.999614
1.00024
0.99956
0.999414
1.00081
1.00123
1.0008
1.00159
1.00041
0.999787
1.00111
0.99988
1.00116
0.998069
1.0004
1.00096
0.999547
0.999348
1.00084
0.999041
1.00099
1.0018
0.998815
0.999933
1.00105
1.00037
1.00268
1.00105
0.999254
0.999681
1.00028
1.00135
1.0006
1.00105
1.00181
1.00077
0.999574
0.998642
1.00136
1.00095
1.00007
0.999614
0.999814
0.999987
0.998867
0.99972
1.00075
1
1.00196
0.999347
1.00024
1.00063
1.00004
1.00029
1.00167
1.00041
0.99907
0.999827
1.0023
0.998922
1.00043
0.99992
0.999427
0.998721
0.998376
1.00001
0.9988
1.00153
1.00191
0.999
1.00141
1.00075
1.00148
1.00004
1.00001
1.00077
1.00093
1.00021
1.00125
0.99948
1.00105
0.99976
0.999374
1.00241
1.0012
1.00001
0.999827
1.00151
1.00041
0.9996
1.00183
1.00083
0.999867
0.999253
1.00128
0.999068
1.00008
0.999933
0.998322
1.00056
1.00129
0.999907
0.999827
1.00167
0.999374
1.00032
0.999268
0.999481
1.0036
0.998855
1.0029
1.00156
1.00149
1.00065
1.00176
1.0014
0.9994
1.00069
0.999667
1.0002
1.00197
1.00124
1.00076
1.00147
1.00013
1.00081
1.00023
1.00055
1.00133
0.999307
0.999415
1.00139
1.00032
1.00157
1.00235
1.00051
0.99964
0.999507
1.00068
1.00079
1.00166
1.00075
1.00012
1.0016
0.999067
0.998468
1.00015
1.00069
1.00043
1.00183
0.998695
1.00151
1.00113
1.00115
0.999693
1.00033
1.00159
1.00041
1.00099
0.998655
0.99807
1.00092
1.00165
0.998283
1.00101
1.00196
1.00003
0.999334
0.999173
1.00097
1.00029
0.999827
0.999681
0.999773
1.00056
1.00097
1.00119
1.00156
0.999933
1.00236
0.998004
0.998549
0.999227
1.00067
0.998989
1.00051
1.00037
1.00015
0.999267
1.00031
1.00053
1.00075
0.99928
0.999081
0.998335
1.00271
0.999587
1.00053
0.999268
0.99992
1.00153
1.00037
1.00049
1.00216
0.999601
1.00164
1.00064
1.00037
0.999947
1.00035
1.00083
1.00008
1.00019
0.997802
1.00077
1.00011
0.998829
1.00067
1.00115
1.00015
1.00084
0.9998
0.999893
1.00144
0.9996
0.999813
1.00168
1.00005
1.00093
1.00135
1.00131
1.00189
1.00137
1.00051
1.00141
1.0023
0.999547
0.99964
0.998428
0.998988
1.00013
1.00151
1.00047
1.00069
0.999534
1.00073
0.997536
0.999681
1.00036
1.00068
0.998429
1.00057
1.00081
1.00005
1.00108
1.00068
1.00019
1.0008
1.00147
1.00119
1.00065
1.00108
1.00241
0.99968
1.00053
1.00135
0.999068
0.999427
1.00077
1.00228
0.99992
0.998882
0.999507
1.00011
0.999813
0.999893
1.00043
0.999627
1.00091
1.00205
0.999187
1.0006
1.00041
0.998377
1.00035
1.00211
0.999654
1.00048
1.00057
0.998842
1.0002
0.99996
1.00218
1.00084
0.998748
0.9998
1.00065
1.00089
1.00096
1.00116
0.998987
1.00209
1.0008
0.999813
1.00138
0.998734
1.00245
0.998535
1.00033
1.00109
1.00305
1.00045
1.0012
1.00049
0.999147
1.00037
0.99984
0.999321
1.00093
1.00195
1.00088
0.999534
1.00069
1.00043
1.00092
1.00039
1.00027
0.999534
1.00096
1.00227
1.00125
1.00043
1.00091
0.999947
1.00108
0.999134
1.00085
1.00065
1.00145
0.999813
0.998962
1.00021
1.00009
1.00076
0.998814
1.00089
1.00079
0.998296
1.00163
1.00053
1.00247
1.00234
1.00233
1.00029
1.00181
0.999268
1.0016
1.00149
1.00064
1.00099
0.999721
1.00208
0.998855
1.00121
1.00072
1.00069
1.00168
1.00033
0.999255
0.999294
0.998482
0.998616
1.0002
1.00111
1.00123
1.00039
0.998908
1.00007
1.00129
1.00025
0.999254
1.00048
1.00156
0.998854
0.99992
1.00183
1.00047
1.0008
1.00061
1.00091
1.00152
1.00032
1.00152
1.00033
1.00061
0.999121
1.00213
1.00121
0.9998
1.00115
1.00011
1.00072
1.00021
1.00004
1.00009
1.00043
1.00016
0.998215
1.00159
0.999827
1.00055
1.00088
0.999787
1.00089
0.999653
1.00044
1.00116
0.99988
1.00089
1.00004
0.999093
1.00035
0.998654
0.999295
1.0018
0.999214
1.00117
1.00055
1.00064
1.00079
1.00121
1.00033
1.00061
0.998894
1.00213
0.998748
1.00005
1.00017
1.00091
1.00011
0.999267
1.00008
0.999973
1.00072
1.00072
1.00096
0.99956
1.0014
1.00151
1.00148
1.00048
1.001
1.00233
0.999188
1.0002
1.00129
0.999987
1.00119
1.00053
1.00007
0.999574
1.00116
0.998256
0.999256
1.00035
0.99972
1.00061
0.998975
1.00023
1.00104
0.997937
1.00001
0.998747
1.00055
1.00027
0.9998
1.00048
0.99819
1.00017
1.00251
0.997777
1.00217
0.99924
1.00204
0.999014
1.00135
1.00192
0.999001
0.998762
1.0035
1.00103
0.999947
1.00071
1.00003
0.99916
1.00132
1.00028
0.998189
1.00123
1.00207
1.00101
1.00025
1.00063
0.999614
1.00116
1.00049
1.00027
1.00144
0.99976
1.00063
0.998975
1.00113
0.998881
0.99976
1.00001
1.00197
1.00077
1.00136
0.999201
1.00037
1.00007
0.999468
1.00016
0.999427
0.999853
1.00033
1.00093
1.0016
0.998735
1.00057
1.00159
1.00088
1.00073
1.00131
1.00052
0.998906
1.00021
1.0014
1.0004
0.999734
1.00011
0.9998
0.99984
0.99992
1.00087
1.00004
1.00239
1.00123
1.00077
0.999174
1.00065
0.999147
0.999521
0.998015
1.00091
1.00107
0.99952
1.00024
1.00081
1.00252
0.999268
1.00009
1.00103
1.00095
1.00151
0.999215
1.0032
1.00089
1.00105
1.00092
0.999867
1.00001
0.9996
0.999947
1.00107
1.00295
1.00059
1.00143
0.999827
1.0002
1.00143
1.00067
1.00133
1.00178
1.00143
1.00007
1.00168
0.999453
1.00112
1.00115
1.00008
1.00003
1.00001
1.00023
1.00187
1.00039
0.999054
1.00206
0.998842
1.00152
0.999455
0.999587
0.99783
1.00213
1.00033
1.00276
0.999933
0.998495
1.00045
1.00141
1.00076
0.998534
1.00087
0.999347
0.999693
0.999947
0.99912
0.999308
0.99771
0.998947
1.00088
1.00035
1.00155
0.99976
1.00157
1.0014
1.00249
0.997938
1.00059
1.00036
0.999494
0.9975
1.00037
0.999042
0.997748
1.00099
1.00184
1.00128
0.999214
1.00129
0.998097
1.003
1.00041
1.00148
1.00104
0.999201
1.00101
1.00172
1.00071
0.999027
1.00179
0.998283
0.999667
0.999068
1.00215
0.999282
1.00093
0.999774
0.999254
0.999853
1.00015
0.999467
1.00013
0.999574
1.00157
0.9998
1.00093
0.99992
0.998935
1.00037
1.00027
1.00105
1.00005
1.00199
0.998829
1.00124
1.00107
0.999947
1.00276
1.00219
0.999093
0.999547
0.998549
0.999133
1.00226
0.999601
0.999187
1.00037
0.999773
0.999733
0.998882
0.999627
1.00148
1.00115
1.00229
0.999907
1.00081
1.00056
0.999147
0.999082
0.998935
1.00025
0.999468
0.999694
0.999093
0.999747
0.997632
0.99964
0.999227
1.00127
0.999747
1.00135
1.00033
1.00279
1.00153
0.999321
1.00053
0.999267
1.00371
1.00103
1.00161
0.999694
0.999215
1.00033
1.00139
1.00168
1.00033
1.00063
1.00152
0.999481
0.999228
0.999228
0.999348
0.998921
1.00315
1.00019
1.00192
1.00031
1.00198
1.00131
0.999521
1.00193
1.00057
0.998854
1.00099
1.00215
0.999747
1.00076
0.99928
1.00165
1.00219
1.00051
0.999933
1
0.99976
0.999374
1.00029
0.999148
1.00168
0.9998
0.997708
0.999454
0.997898
0.998522
1.0019
1.00096
1.00008
0.999147
1.00188
1.00045
1.00067
1.00145
1.00163
1.00244
1.00141
0.998535
1.00064
0.999734
1.00139
1.00064
0.99996
0.999507
0.999813
0.999574
1.0004
1.00112
1.00192
0.998376
0.999334
1.0012
0.99988
0.99984
1.00264
1.00217
0.999694
0.998894
0.999587
1.00016
0.999893
1.00095
1.00028
1.00077
1.00149
0.999307
0.999241
0.999893
1.00007
1.00045
1.00019
1.00314
0.998137
0.998281
0.998962
1.00073
1.00073
1.00101
1.00108
1.00273
0.9998
0.999267
1.00057
1.00021
1.00179
1.00029
1.00023
1
1.00101
1.00049
1.00151
1.00179
0.999348
1.00067
1.00112
1.00093
0.99936
1.00069
1.00085
0.99996
0.999014
1.00111
0.999987
1.00307
0.999867
1.00258
1.00079
1.00036
1.00072
0.999294
0.999588
1.00096
1.00156
1.00097
0.999054
1.00013
1.00151
1.00399
1.00137
1.00053
1.00084
1.00047
1.00156
1.00031
1.00067
1.00012
0.999149
1.00116
1.00185
0.998589
0.999493
1.00035
1.00133
1.00053
0.999107
0.999028
1.00135
1.00144
0.99803
1.00193
1.00121
1.00059
0.999267
0.999827
1.00025
1.00053
1.00221
1.00045
0.998362
0.99932
0.999414
1.00288
1.0006
1.00043
1.00071
1.00173
1.00084
1.0006
0.998696
0.999306
0.999734
1.00193
0.999813
0.999174
0.999307
0.999827
0.998535
1.0016
0.998961
0.999614
0.99992
1.00105
0.999333
1.0012
1.00084
0.999787
1.00088
0.999747
0.998894
1.00088
0.998254
0.999214
1.00083
1.00071
1
1.00173
1.00132
0.999189
0.99968
1.00032
1.00084
1.00063
1.00107
1.00031
1.00023
0.999627
1.00039
0.999255
1.00125
0.99992
0.9998
1.00113
0.99972
0.999068
1.00189
1.00055
1.00128
1.00237
0.997379
1.00069
0.999787
1.00008
0.999747
1.00161
1.00039
1.00127
1.00105
1.00084
1.00091
1.00176
1.00035
1.00035
1.00083
1.00187
0.998921
1.00043
1.00077
0.997443
1.00192
1.00069
1
0.999147
1.00049
0.999614
1.00108
1.00124
1.00149
1.00127
0.99976
1.00099
0.998479
0.999308
0.99948
0.99992
1.00108
1.00105
1.00053
1.00275
0.998604
1.00061
1.00056
0.99984
1.00163
0.998682
1.00173
1.00107
0.99988
0.999827
1.00032
1.00221
1.00113
1.00121
1.00041
1.001
1.0023
1.00128
0.999547
0.999973
1.00107
1.00159
1.00148
1.00144
1.00261
1.00068
1.00147
1.00089
1.0014
1.00039
1.00073
0.99948
1.00057
1.00053
1.00032
0.999454
1.00075
0.999614
1.00016
1.00053
0.999494
1.00212
1.00168
1.00151
0.999147
1.00105
1.00145
1.00093
1.00148
0.99916
0.999987
1.00095
0.998376
1.00091
0.999374
0.999307
0.999987
0.999134
0.999081
1.00165
1.00031
1.00085
0.998431
0.999282
1.00124
0.999494
1.00161
0.998748
0.999414
0.999374
0.999055
1.00029
0.999414
1.00052
0.998695
1.00136
0.99952
1.00212
1.0008
1.0023
1.00163
1.00105
0.999427
1.00104
0.999308
0.99976
1.001
1.00008
1.00031
1.0006
1.00121
1.00269
1.00051
0.999374
1.00115
0.997925
0.999627
1.00064
1.00103
1.00001
1.00015
1.00031
1.00048
1.00004
1.00195
1.00075
1.00096
0.998456
1.0004
1.00028
0.999867
1.00251
1.00085
1.00101
1.00131
1.0008
0.99936
1.00063
1.00041
0.999853
1.00068
0.998722
0.999987
1.0014
1.00016
1.00031
1.00087
1.00053
1.00262
1.00275
1.00251
1.00064
0.998869
1.00089
0.999854
1.00061
1.00079
0.999454
0.998324
0.99996
0.998947
1.00379
1.00077
0.999001
1.00246
1.00152
1.00155
1.00176
0.999667
1.00051
1.00071
0.998868
1.00133
0.999067
1.00108
0.998669
1.00109
0.998032
1.00016
0.999188
1.00223
0.998707
0.999694
1.00149
0.998442
0.998827
1.00232
1
1.00124
1.00146
1.0002
1.00243
1.0006
0.99964
0.999893
0.99996
0.99952
1.00112
1.00077
1.00029
1.00019
1.00265
1.00059
0.999854
1.00037
1.00003
1.00051
0.999268
0.999495
0.99884
1.00171
1.00184
0.999627
1.00179
1.00044
0.999853
1.00037
0.999973
0.999175
1.00028
0.998975
1.0026
1.00091
0.999707
1.00139
1.00079
1.00061
0.997673
0.999174
0.998575
1.00057
0.999134
0.998576
1.00117
1.00095
1.00091
0.999987
0.999028
0.999307
1.00029
1.001
1.00051
0.999507
1.00028
0.99875
0.999095
1.0006
1.00121
1.00112
1.00013
0.99984
1.00009
1.00003
1.00048
0.99944
1.00203
0.999348
0.999001
1.00043
1.00101
0.998323
0.99972
1.00161
0.999787
1.00144
1.00017
0.998283
1.00106
1.00039
0.99968
0.999294
0.997527
1.00001
0.999893
1.00223
1.00152
0.998282
0.99996
1.00068
1.00113
0.99992
0.999587
1.00009
1.00117
1.00128
1.00076
1.00036
0.999081
1.00105
1.00205
0.999534
1.00008
1.00087
0.99787
1.00056
1.00194
1.00148
1.00052
1.00043
1.00009
1.00177
1.00036
0.99984
1.00007
1.00036
0.998404
1.00061
1.00143
1.00041
1.00244
1.00072
1.00061
1.00073
1.00152
1.00151
1.00111
0.999427
1.00192
1.00287
0.99996
1.00123
1.00163
1.00189
1.00073
1.00145
1.00115
1.00289
1.00132
0.99863
0.99916
1.00024
1.0006
0.999627
1.00095
0.999546
1.00195
0.998576
1.00135
1.00131
1.00057
1.00123
1.00023
1.00071
1.00013
1.00155
1.00292
0.99835
0.998442
1.00055
1.00067
0.997631
1.00085
1.00136
0.999534
1.00039
0.999254
1.0022
1.00286
1.00009
1.00177
1.00015
0.999694
1.00136
0.999494
1.00001
1.00116
0.998176
1.00011
1.00045
1.00156
1.00027
1.00187
1.00377
1.00067
0.997805
0.998974
0.998788
1.00085
0.999907
0.99988
1.00165
1.0012
1.00033
1.00107
1.00032
1.00065
1.00064
1.00072
1.001
0.999587
1.0006
1.00255
1.00033
1.00055
0.999987
0.999707
1.00144
1.00125
1.00161
0.998867
1.00067
1.00151
1.00033
0.999268
0.998894
1.00012
0.998457
0.999573
1.00157
1.00205
1.00105
1.00107
0.998975
1.00092
0.998481
1.00095
1
1.0028
1.00307
0.999627
1.00189
0.998987
1.00131
1.00119
0.999467
1.00116
1.00055
1.00172
0.99992
1.00057
1.00167
0.998841
1.00313
1.00037
1.00016
1.00041
1.00111
0.99984
1.00081
0.999068
1.0008
0.999282
0.999508
0.999854
1.00179
1.00071
0.999587
1.00089
0.999787
0.999493
0.999854
1.00004
0.998441
0.997779
1.00151
1.00101
0.999067
1.00004
0.99803
0.999827
0.999374
1.00081
1.00012
1.00129
1.00093
1.00238
1.0006
1.00019
1.00013
1.00085
0.999308
0.997978
1.00067
0.998961
1.00215
1.00087
1.00128
1.00028
1.00052
0.997471
1.0006
1.00077
0.998137
1.00037
1.00033
1.00013
0.999521
1.00212
0.998616
0.999333
0.998816
0.999413
1.00096
0.999561
1.00021
0.998655
0.998587
1.00185
1.00092
0.998736
1.00193
1.00204
1.00029
0.999334
1.00161
1.00033
1.00143
1.00067
0.999294
0.998589
0.998709
1.00193
1.00123
0.999814
1.00071
1.00201
0.999787
0.999187
1.00085
0.999814
1.00048
0.998842
1.00115
0.999747
0.998827
1.00165
0.998509
0.99912
0.9994
0.99996
1.00208
1.00139
1.00077
1.00173
0.999187
1.00021
0.998308
1.00169
1.00024
1.00108
0.999266
0.999227
1.00077
0.99835
0.998815
0.999813
1.00124
0.998442
1.00045
1.00075
1.00047
1.00005
0.999242
1.00131
0.999361
0.99964
1.00185
0.998097
1.00069
0.997923
1.00051
0.999348
1.00008
0.999441
1.00112
0.998082
1.00254
0.99972
0.999827
1.00059
1.00057
1.00185
0.999947
0.999254
1.00124
0.999174
1.00079
1.00043
0.999774
1.00067
1.00131
0.999561
1.00009
1.00081
1.0002
1.00179
0.998272
1.00184
0.999494
1.00268
0.998641
1.00025
1.00159
1.00013
0.999907
0.999521
1.00024
0.99779
1.00076
1.00049
1.00077
1.00055
0.998855
1
1.00005
1.00136
0.998894
0.998509
1.00116
1.00036
1.0024
1.00065
1.00083
1.00028
1.00103
1.00004
0.999188
0.998044
1.00101
1.00052
1.00149
0.99972
0.999973
1.00272
0.999893
1.00065
0.999734
1.00076
0.998989
0.999481
0.999494
1.00206
1.00105
1.00103
1.00175
0.998896
0.997778
1.00085
1.0022
1.00117
0.998575
0.999467
1.00147
0.999253
1.00085
1
0.999388
1.00196
0.999241
0.999734
1.00147
1.00013
1
1.00137
0.999933
1.00061
1.00095
1.00129
1.0006
1.00109
1.00061
1.00048
0.999294
0.998974
1.00029
0.998202
0.999161
1.00004
0.99928
1.00005
1.00188
1.00117
1.00059
1.00059
1.00056
1.00113
1.00219
0.999054
1.00152
1.00052
0.998481
1.00071
1.00051
1.0004
0.999348
1.00148
1.00097
1.0014
1.00032
1.00301
1.00003
0.999561
1.00135
0.99964
1.00041
0.997512
0.999773
1.00185
1.00203
0.998482
1.00081
1.00111
1.00059
1.00276
1.00019
0.999281
0.999627
1.00003
0.999973
1.00153
1.00087
1.00144
0.99968
1.00208
1.00019
0.998949
0.999694
1.00015
1.00021
0.999082
0.997871
0.997416
0.999987
0.9998
1.00039
1.00135
1.00109
0.999694
0.99988
1.00052
0.999747
1.00112
1.00041
1.00059
0.99992
1.00052
1.00005
1.0014
0.998789
0.999015
1.00016
1.00244
1.00019
0.999507
1.00085
0.99964
0.99912
0.999627
1.00003
1.00261
1.00212
1.00031
1.00023
1.00112
1.00029
1.00121
0.999094
0.998855
1.00047
1.00064
0.99992
0.999307
0.998762
1.00181
1.00043
0.998775
1.00041
1.00012
1.00089
1.00001
1.00028
1.00085
1.00195
0.997127
1.00048
1.00043
0.998243
1.00187
1.00097
1.00262
1.00176
1.00151
0.9998
1.00109
0.999027
1.00152
1.00076
1.00007
1.00052
1.00053
0.999467
1.00265
1.00084
1.00048
1.00069
1.00055
1.00045
1.00124
0.9992
1.0014
1.00163
0.99968
0.999026
0.99956
0.999242
0.999641
0.997391
0.998921
1.00161
1.00124
1.00064
1.00017
1.00017
1.0044
1.0022
0.999893
0.999853
0.998483
0.999933
1.00068
0.999414
1.00145
1.00076
1.00132
1.00176
0.999787
1.00068
1.00009
0.999547
1.00077
0.998881
1.00164
0.999082
1.00017
1.00035
0.999507
1.00256
1.00123
0.999774
1.0008
0.999387
1.00028
1.00096
0.999774
1.00044
1.00235
1.00296
0.998894
1.0022
0.999761
0.999933
1.00089
1.00032
1.00061
1.00132
0.998855
0.998338
1.00121
1.00033
0.999947
1.00139
1.00161
0.998469
0.999055
1.00061
1.00021
0.998445
1.00091
1.001
1.00185
1.00044
1.00209
1.00105
1.00151
1.00032
0.99988
1.00108
1.00155
1.00117
1.00097
1.00115
1.00156
1.00128
0.999067
1.00192
0.998776
0.99972
1.0008
1.00083
0.999813
1.00201
1.00055
1.00145
0.999893
1.00213
0.999987
0.998922
0.998815
1.00077
1.0014
0.999454
0.999694
1.00031
0.999853
1.00133
0.99819
0.9992
1.00024
0.99956
1.00076
0.998203
1.00069
0.999666
0.999707
1.00247
1.00055
1.00065
1.00139
0.998136
1.00123
1.00072
0.999907
0.999813
1.00172
0.999134
1.0002
0.998576
1.00097
1.00043
0.999667
0.999894
1.00081
1.00035
1.00047
1.00115
0.999867
0.99936
1.00031
0.999201
0.998401
1.00201
1.00052
1.00033
1.001
0.9996
1.00145
1.00129
1.0006
1.00019
0.998363
0.998762
1.00196
0.998576
0.999308
0.999001
1.0019
0.99952
1.00049
1.00056
1.00208
1.00061
1.00027
0.999853
1.001
0.998576
1.00173
0.998483
1.00072
0.999534
1.00279
0.99956
1.00096
1.00182
1.00069
1.00073
1.00007
0.999307
1.00101
0.999307
0.999347
0.999068
1.0017
1.00075
0.998682
1.00115
1.00163
1.00153
1.00165
1.00139
1.00117
1.00011
0.998962
0.999001
0.999987
0.998867
0.998096
1.00045
0.999134
1.0025
1.00199
1.00105
1.0008
1.00069
1.00191
0.99996
1.00051
0.998761
1.00045
1.00053
1.00045
1.00127
0.999175
0.999227
1.00023
1.00222
0.999947
0.999707
1.00011
1.00085
0.999947
1.00121
0.998468
1.00092
1.00101
0.998655
0.99956
1.0012
1.00052
0.99996
1.00127
1.00001
0.999427
1.00156
0.999587
0.99964
1.00016
0.998388
0.999321
1.00035
1.00139
1.00117
0.999854
1.00027
0.997367
1.00363
0.999827
1.00113
1.00089
1.00052
0.998682
1.00129
1.0012
1.00056
1.00114
1.00292
1.00272
1.00192
1.00131
0.999227
1.00197
1.00004
0.999027
0.999362
1.00073
1.00108
0.999693
1.00004
1.00056
0.99968
1.00071
1.00059
0.997911
1.00052
0.999973
0.999707
0.999135
0.999707
0.999747
0.999547
0.998124
1.00023
1.00203
1.00188
1.00044
1.00191
1.00008
0.999281
0.998748
1.00188
1.00039
0.999747
0.999294
1.00016
0.998058
0.999707
0.999494
1.00108
0.999721
1.00065
1.0021
1.00028
1.00076
0.998788
1.00032
1.00057
1.00232
1.00069
1.00248
1.00047
1.00109
1.00027
1.00045
1.00023
1.00068
1.00241
1.00047
0.998681
0.99972
1.00192
1.00108
0.998497
0.998589
1.00013
1.0002
0.999041
0.998921
1.00258
0.99984
1.00141
0.999347
0.998988
1.00055
1.00043
1.00166
1.00023
1.00152
0.999973
1.00171
1.00209
1.00195
1.00059
1.00256
1.00292
1.00141
0.999013
0.997567
1.00035
1.00077
1.00012
0.999467
1.0002
1.00136
1.00151
0.99948
1.00115
0.999467
1.00148
1.00093
0.999507
0.998907
1.00025
1.00156
0.999547
1.00089
0.998749
1.00128
1.00012
1.00167
0.999587
0.99996
1.00012
1.00109
1.00061
1.0022
1.00093
1.00069
1.00013
1.00165
1.00268
0.998669
1.00039
0.99984
1.00205
1.00153
1.00073
1.00015
0.99823
0.999733
1.00148
1.0014
0.998028
1.00271
1.00172
1.00287
1.00188
0.999654
1.00116
1.00004
1.00025
0.998855
0.99831
0.999854
1.00219
1.00209
1.00023
1.00049
1.00079
0.999028
1.00053
1.00069
1
0.99944
0.997805
1.00155
0.99988
1.00168
0.999294
1.00131
0.998949
1.00105
0.999627
1.00115
0.998177
1.00016
0.999108
1.00256
1.00044
1.00019
1.00081
1.0016
1.00434
1.00183
0.99823
1.0018
0.998015
1.0016
1.00025
0.998656
0.999733
0.998974
1.00047
1.00031
1.00004
0.999441
0.999667
1.003
1.00148
0.999787
1.00039
0.998722
1.00111
1.00155
1.00056
1.0028
1.00202
1.00059
0.999494
0.999387
1
1.00043
0.999067
1.00067
0.99992
0.999813
1.00061
1.00035
1.00087
1.00051
1.00125
1.00184
1.00007
1.00039
1.0004
0.999041
1.00061
1.00137
1
0.99972
1.00103
0.999334
0.998722
0.99952
1.00155
1.00127
1.00032
1.00057
1.00139
1.00093
0.999494
1.00185
1.00206
1.00141
1.00256
1.00117
1.00209
1.00113
1.00009
1.00024
1.00036
1.00048
1.00045
1.00205
1.00307
1.00178
1.00063
0.999707
0.998935
1.00153
0.998283
1.00067
0.999228
1.00173
1.00077
1.00108
1.0012
1.00192
1.00258
1.00093
0.99896
1.00064
1.00073
0.999361
1.00019
1.0006
1.00087
1.00125
1.00097
1.00156
0.999694
1.00171
0.99988
1.00029
1.00035
0.999481
0.99932
0.999387
1.00009
0.999627
0.99992
1.00205
1.00039
1.00163
1.00157
1.00017
1.00061
1.00167
1.00174
1.00144
1.00117
1.00125
0.999268
0.99964
1.00111
1.00228
1.00015
0.999201
0.999308
1.00005
0.998974
1.00037
0.997539
1.00207
1.00055
1.00129
0.99988
1.00107
0.999454
1.00141
1.00051
0.999787
1.00071
1.00152
0.999747
0.99968
1.00057
1.00056
1.00243
1.00065
1.00039
1.00249
1.00097
0.998016
1.00212
1.00084
0.999574
0.999493
1.00204
1.00203
1.00155
0.999853
1.00175
1.00064
1.00231
1.00151
1.00012
1.00008
1.00036
1.00168
1.00016
0.999614
1.00049
1.00095
0.999213
0.99996
0.998176
1.00047
0.999201
1.00268
0.999361
1.00139
1.00096
1.00115
1.00247
0.999468
1.00004
0.999187
1.00095
1.00243
0.999654
1.00121
0.998708
0.9992
1.00052
1.0004
1.00097
0.999773
1.00008
1.00057
0.998974
1.00156
0.999215
1.00077
0.999827
1.00105
1.00053
0.997698
1.00021
1.00048
1.00128
1.00024
1.00097
0.998841
1.00028
1.00107
1.00075
0.999228
0.99936
1.00076
1.00153
1.00063
1.0008
1.00199
1.00035
0.998989
0.99992
1.00147
0.999108
1.0031
1.00208
1.00015
0.998548
1.00015
1.00175
1.00322
1.00153
1.00069
1.0012
1.00057
1.00016
0.999694
1.00047
0.999307
1.00116
1.00139
0.998882
0.999707
1.00039
1.00083
1.00045
0.999427
1.00079
1.00177
1.00049
0.999254
1.00143
0.999254
0.998308
1.0002
1.00124
1.00031
1.00197
1.00064
1.00131
1.00029
0.999454
0.999867
1.00032
1.00031
1.00228
1.00039
1.00051
0.998948
0.99988
1.00077
1.00024
1.00093
1.00061
0.99964
1.00116
1.00246
1.00033
1.00239
1.00015
1.0012
0.999893
0.998668
1.00035
0.999667
0.99996
1.00079
0.999587
0.9994
1.00152
0.999134
1.00052
0.998747
1.00145
1.00228
0.999827
0.998896
0.99952
1.00088
1.00011
1.00077
1.00035
1.00051
0.998549
1.00146
0.999907
1.00299
1.00091
1.00227
1.002
1.00089
1.00089
1.00033
0.999721
1.00097
0.99968
0.99988
0.999227
1.00232
1.00089
1.00148
0.999441
1.00096
1.00072
1.00017
1.00008
1.001
1.00071
1.00132
0.999427
0.999601
1.00019
1.00138
0.999907
0.999547
1.00097
1.00083
1.00088
1.00039
0.999907
1.00113
0.998921
1.00049
0.998787
0.998908
1.00001
1.00009
1.00113
1.00161
1.00047
1.00131
1.00135
1.00188
0.99996
0.999814
1.00277
0.999987
0.999561
1.00032
1.00051
1.00052
1.00009
1.00184
0.999015
0.998802
0.999933
1.00025
0.999441
1.00045
1.00187
0.99932
0.99944
0.998935
1.00003
0.999093
1.00171
0.998829
1.00021
1.00119
0.99964
1.00117
1.00141
1.00079
1.00136
1
1.00047
1.00093
0.999241
0.999787
0.998735
1.00115
1.00041
1.00073
1.00072
1.00144
0.998578
1.00073
0.99992
0.999534
1.00073
1.00194
1.00011
1.00041
1.00055
1.00133
1.00027
1.00167
0.998695
0.999627
0.998722
1.00243
1.00099
1.00089
1.00011
0.999907
0.99843
1.00108
1.00021
1.00298
1.00092
1.00057
0.9996
1.0034
1.00239
0.999415
0.99783
1.00148
1.00095
0.999295
1.00224
1.00027
0.999161
1.00156
0.998854
1.00156
0.999333
1.00146
1.00016
1.00031
1.00008
1.00015
1.00165
1.00051
1.00043
1.00056
1.00131
1.00029
1.00113
1.00085
1.0002
1.00133
1.00174
1.0012
0.99956
1.0008
0.999734
1.00128
1.00087
1.00101
0.999667
1.00083
0.999494
0.999187
0.999654
1.00007
1.00052
1.00044
1.00255
1.00045
1.00196
0.999667
1.0006
1.00068
1.00147
0.998774
1.00005
1.00039
1.00068
1.00059
1.00068
0.99932
0.999533
1.00147
0.999987
1.00231
0.999667
1.00093
1.00035
0.998455
1.00116
1.00037
1.00068
1.00037
1.00209
0.999548
1.00119
1.0014
0.998469
1.00139
1.00031
1.00084
1.00262
1.0021
1.00053
1.00147
1.00061
0.999907
