144695
144695
144695
144695
144695
144695
144695
362669
362669
362669
362669
362669
749535
749535
749535
749535
749535
796994
796994
818144
818144
818144
818144
818144
825952
825952
825952
825952
825952
1015450
1602154
1602154
1602154
1602154
1602154
3015294
3015294
3015294
3015294
3015294
7056116
7056116
7056116
7056116
7056116
7739545
7739545
7739545
7739545
7739545
7739545
9056188
9056188
9056188
9056188
9056188
9556031
9556031
9556031
9556031
9556031
10355908
10355908
10355908
10355908
10355908
10355908
10355908
10355908
10503114
10503114
10503114
10503114
10503114
11223782
11223782
11223782
11223782
11223782
60943867
60943867
60943867
60943867
60943867
82541143
82541143
82541143
82541143
82541143
82541143
99550374
99550374
99550374
99550374
99550374
131777801
131777801
131777801
131777801
131777801
