79511481
42442432
157310533
117383241
168649373
168649373
160543338
160543338
160543338
160543338
15220067
27452747
772171809
157310533
15220067
440915681
440915681
1733604904
2323678
1859504
1662455859
1662455859
1662455859
1662455859
42442432
42561734
42561734
42561734
42561734
79511481
175956013
51477332
157310533
772171809
772171809
150943773
3585236
948973397
79511481
27452747
8793003
8793003
8793003
32297319
117383241
140859168
140859168
148417583
440915681
440915681
150943773
1859504
42442432
168649373
168649373
27452747
3585236
104842838
32297319
13848541
13848541
13848541
13848541
1733604904
1733604904
51477332
104842838
32297319
948973397
27452747
3585236
148417583
148417583
42442432
175956013
1859504
140859168
140859168
117383241
15960593
15960593
15960593
32297319
948973397
175956013
104842838
150943773
13848541
1859504
79511481
148417583
175956013
15960593
150943773
772171809
104842838
1733604904
3585236
51477332
117383241
