3423.9035
7555.1006
150.2594
150.2594
272.4234
5655.843
7095.8689
3601.9504
4847.1345
6191.0251
2821.5899
5917.626
1451.5124
7018.3942
4439.1791
1696.2438
2858.3226
6046.0797
6842.3558
5665.1153
786.3074
2858.3226
3020.9619
5713.3625
1719.8019
4952.3177
2750.052
5620.505
7196.7899
1820.8965
3039.6332
2206.1736
5257.2568
3601.9504
1820.6089
3829.2486
3284.6478
5257.4955
1540.4874
6597.0141
5257.4955
2478.598
2179.1491
771.1743
2344.9504
6597.0141
5257.4955
3438.9141
4227.9952
370.4622
5264.5266
2858.3226
2858.3226
1696.2438
13.7704
1199.2177
1514.051
754.9401
1655.7087
7543.4249
1733.8442
3616.1225
2858.3226
5665.1153
5257.4955
2858.3226
578.5447
1003.8567
5257.4955
7784.8756
2094.3425
1451.5124
4131.4296
7014.8717
1022.6279
2888.7584
2269.6338
1655.7087
1798.7408
1451.5124
1514.051
1798.7408
5458.5376
4145.3066
7383.6085
7062.8797
4130.2547
4054.3625
6361.3464
6126.3888
5257.4955
5257.4955
6934.3671
1012.9301
3616.1225
3960.2449
7033.0064
2858.3226
5831.3578
4807.2547
