4142.0769
3172.3257
1356.3606
3702.9905
5290.9241
2767.565
636.7766
355.4249
934.5383
4831.0986
5653.7468
273.9544
636.7766
4753.9477
3838.852
1289.5922
2767.565
4369.5509
4753.9477
875.2646
4556.1069
636.7766
4753.9477
505.2151
1411.2292
2122.9424
4340.1827
1928.7207
5048.1708
3172.3257
5290.9241
5290.9241
3296.4422
4753.9477
5290.9241
192.4715
1709.8252
1327.4295
192.4715
2062.8423
1188.2994
273.9544
505.2151
1802.4453
4753.9477
360.2027
5237.9444
2900.2637
1216.6794
4753.9477
5290.9241
3789.3696
355.4249
1416.8542
4106.4782
5048.1708
192.4715
5470.3305
505.2151
3303.7794
3789.7617
5470.3305
4753.9477
5290.9241
3238.0245
5660.1132
3582.6218
2516.937
1119.0837
4311.2071
2730.9764
5290.9241
1613.7545
4369.5509
2912.7352
1411.2292
5290.9241
2763.6968
505.2151
2349.045
3262.6918
3303.7794
505.2151
511.1754
1709.8252
4753.9477
3303.7794
1289.5922
1436.0588
3303.7794
2062.8423
1343.4224
3262.6918
1005.393
273.9544
4753.9477
1327.4295
1342.8993
1005.393
4369.5509
