76219
76579
76579
76219
76219
76219
120926
76219
76219
76579
76219
120926
76219
76219
76579
120926
76219
76219
76219
76219
120926
76219
76219
76579
76219
120926
120926
120926
76579
120926
76219
120926
120926
120926
76579
76579
76219
76219
120926
76579
76219
76219
120926
76579
120926
76219
76579
76579
76579
76579
120926
120926
76579
76579
76579
120926
76579
76219
76219
76579
76579
120926
120926
120926
76219
76219
76219
120926
76219
76219
120926
76219
76219
76579
76579
76579
76219
76219
76219
76219
76219
76219
76219
76219
76219
120926
120926
76219
76219
76579
76219
76219
76579
76219
120926
120926
76219
76219
120926
76579
