1202
1202
1202
1202
1202
1202
1202
1202
1202
1202
168140
1202
156743
1202
1202
1202
1202
1202
1202
1202
1202
1202
1202
1202
156743
156743
1202
1202
1202
1202
1202
1202
1202
156743
1202
1202
1202
1202
1202
1202
168140
168140
1202
1202
1202
1202
1202
1202
1202
1202
156743
1202
1202
168140
1202
1202
168140
1202
1202
1202
168140
1202
1202
1202
156743
1202
1202
1202
1202
1202
1202
1202
1202
1202
1202
156743
1202
1202
1202
1202
156743
156743
168140
1202
168140
1202
1202
1202
1202
1202
1202
1202
1202
1202
1202
1202
156743
1202
1202
1202
