55.8274
202.2114
55.8274
109.9355
202.2114
55.8274
202.2114
55.8274
109.9355
55.8274
202.2114
55.8274
202.2114
202.2114
55.8274
202.2114
55.8274
202.2114
55.8274
109.9355
55.8274
109.9355
55.8274
55.8274
109.9355
109.9355
109.9355
202.2114
55.8274
202.2114
202.2114
109.9355
202.2114
202.2114
55.8274
109.9355
55.8274
55.8274
109.9355
109.9355
202.2114
55.8274
55.8274
202.2114
202.2114
202.2114
202.2114
202.2114
202.2114
109.9355
55.8274
202.2114
109.9355
202.2114
202.2114
109.9355
55.8274
202.2114
202.2114
55.8274
109.9355
202.2114
109.9355
109.9355
109.9355
55.8274
109.9355
109.9355
55.8274
55.8274
55.8274
55.8274
109.9355
109.9355
55.8274
202.2114
109.9355
55.8274
202.2114
55.8274
109.9355
202.2114
55.8274
109.9355
109.9355
109.9355
109.9355
55.8274
55.8274
109.9355
202.2114
55.8274
109.9355
202.2114
55.8274
109.9355
202.2114
109.9355
202.2114
55.8274
