169532
169532
181055
264281
306837
332466
363984
394920
394920
2537200
2106259
452921
479617
479617
485005
485005
510080
535723
535723
608925
647859
666651
684194
767385
791187
794119
823779
897642
897874
901544
932219
940124
968809
977818
992094
1055199
1074634
2101868
1869551
1140521
1169078
1196024
1229775
1234075
1245873
1273683
1274547
1283070
1283790
1344018
1387503
1389938
1414029
1471948
1487024
1508992
1535620
1557780
1568895
1568895
1571324
1585764
1601670
1630215
1643065
1654524
1661665
1708112
1708112
1718143
1755725
1792561
1832855
1837366
1868220
1869551
1095134
1872617
1901498
1932835
1949253
1960733
1965764
2002631
1075341
452921
2106259
2149105
2161668
2202661
2205873
2208948
2383985
2482373
2505271
2505271
419734
4120877
10878580
17556670
