47.2972
47.2972
39.7974
217.7098
47.2972
217.7098
217.7098
39.7974
47.2972
217.7098
39.7974
217.7098
47.2972
217.7098
217.7098
39.7974
39.7974
39.7974
47.2972
39.7974
217.7098
39.7974
47.2972
47.2972
39.7974
47.2972
217.7098
217.7098
217.7098
217.7098
47.2972
47.2972
47.2972
47.2972
47.2972
47.2972
47.2972
217.7098
39.7974
39.7974
39.7974
39.7974
47.2972
39.7974
217.7098
47.2972
217.7098
217.7098
217.7098
217.7098
39.7974
39.7974
217.7098
217.7098
47.2972
217.7098
47.2972
47.2972
39.7974
217.7098
217.7098
39.7974
39.7974
47.2972
47.2972
39.7974
39.7974
47.2972
47.2972
39.7974
217.7098
47.2972
39.7974
47.2972
39.7974
217.7098
217.7098
39.7974
217.7098
217.7098
47.2972
39.7974
217.7098
217.7098
39.7974
39.7974
39.7974
39.7974
47.2972
47.2972
47.2972
39.7974
217.7098
47.2972
217.7098
217.7098
217.7098
47.2972
217.7098
217.7098
