8.9106
158.6171
10.3567
158.6171
10.3567
8.9106
158.6171
8.9106
8.9106
8.9106
10.3567
8.9106
8.9106
158.6171
158.6171
158.6171
10.3567
8.9106
10.3567
158.6171
158.6171
10.3567
8.9106
10.3567
10.3567
8.9106
10.3567
8.9106
10.3567
8.9106
10.3567
158.6171
10.3567
8.9106
10.3567
10.3567
8.9106
158.6171
158.6171
10.3567
158.6171
10.3567
10.3567
10.3567
10.3567
10.3567
8.9106
10.3567
8.9106
10.3567
8.9106
8.9106
8.9106
158.6171
8.9106
10.3567
158.6171
8.9106
8.9106
10.3567
158.6171
158.6171
10.3567
10.3567
10.3567
10.3567
158.6171
10.3567
10.3567
8.9106
8.9106
10.3567
8.9106
158.6171
8.9106
158.6171
158.6171
10.3567
158.6171
158.6171
8.9106
8.9106
8.9106
10.3567
10.3567
10.3567
158.6171
8.9106
8.9106
10.3567
10.3567
8.9106
8.9106
158.6171
8.9106
158.6171
8.9106
158.6171
8.9106
10.3567
