119.9039
163.3399
163.3399
119.9039
172.4659
119.9039
163.3399
119.9039
172.4659
163.3399
119.9039
163.3399
119.9039
163.3399
119.9039
163.3399
163.3399
172.4659
172.4659
119.9039
119.9039
172.4659
163.3399
172.4659
172.4659
163.3399
119.9039
163.3399
163.3399
163.3399
163.3399
172.4659
172.4659
172.4659
119.9039
119.9039
163.3399
172.4659
119.9039
172.4659
163.3399
172.4659
163.3399
163.3399
119.9039
119.9039
119.9039
163.3399
172.4659
163.3399
163.3399
172.4659
119.9039
119.9039
119.9039
119.9039
163.3399
163.3399
119.9039
172.4659
119.9039
119.9039
163.3399
119.9039
172.4659
172.4659
163.3399
163.3399
172.4659
119.9039
163.3399
172.4659
163.3399
163.3399
172.4659
119.9039
119.9039
119.9039
172.4659
119.9039
119.9039
119.9039
119.9039
119.9039
119.9039
119.9039
163.3399
163.3399
119.9039
119.9039
163.3399
119.9039
119.9039
163.3399
172.4659
172.4659
119.9039
172.4659
119.9039
163.3399
