258.9461
292.6449
258.9461
36.0544
258.9461
36.0544
292.6449
36.0544
36.0544
36.0544
258.9461
292.6449
36.0544
36.0544
258.9461
258.9461
258.9461
36.0544
292.6449
292.6449
36.0544
292.6449
292.6449
292.6449
292.6449
258.9461
36.0544
36.0544
36.0544
36.0544
258.9461
292.6449
292.6449
292.6449
258.9461
36.0544
36.0544
292.6449
258.9461
292.6449
258.9461
36.0544
292.6449
36.0544
36.0544
292.6449
36.0544
292.6449
292.6449
36.0544
36.0544
292.6449
36.0544
36.0544
258.9461
258.9461
292.6449
292.6449
258.9461
36.0544
258.9461
292.6449
36.0544
292.6449
258.9461
292.6449
258.9461
36.0544
258.9461
36.0544
36.0544
36.0544
292.6449
36.0544
292.6449
292.6449
36.0544
36.0544
258.9461
36.0544
292.6449
258.9461
36.0544
292.6449
258.9461
36.0544
258.9461
258.9461
292.6449
258.9461
36.0544
36.0544
258.9461
36.0544
36.0544
258.9461
292.6449
258.9461
36.0544
36.0544
