26.1318
26.1318
26.1318
273.6685
273.6685
26.1318
26.1318
26.1318
26.1318
273.6685
26.1318
26.1318
273.6685
26.1318
26.1318
26.1318
273.6685
26.1318
273.6685
26.1318
26.1318
273.6685
26.1318
273.6685
26.1318
26.1318
26.1318
26.1318
273.6685
26.1318
273.6685
245.8938
245.8938
245.8938
245.8938
273.6685
245.8938
245.8938
245.8938
245.8938
245.8938
245.8938
245.8938
245.8938
245.8938
245.8938
245.8938
245.8938
245.8938
245.8938
245.8938
245.8938
245.8938
245.8938
245.8938
245.8938
245.8938
245.8938
245.8938
245.8938
245.8938
245.8938
245.8938
245.8938
273.6685
273.6685
245.8938
273.6685
273.6685
26.1318
273.6685
273.6685
26.1318
26.1318
273.6685
273.6685
26.1318
273.6685
26.1318
26.1318
273.6685
273.6685
273.6685
26.1318
273.6685
273.6685
273.6685
273.6685
273.6685
273.6685
273.6685
273.6685
273.6685
273.6685
26.1318
26.1318
273.6685
26.1318
273.6685
273.6685
