77798
70019
70019
25869
516801
70019
516801
70019
70019
77798
70019
77798
77798
77798
70019
70019
70019
516801
77798
70019
70019
516801
80386
70019
77798
70019
77798
70019
70019
516801
516801
77798
25869
25869
70019
70019
25869
70019
516801
70019
25869
25869
77798
77798
11431
516801
70019
70019
77798
77798
516801
77798
77798
80386
70019
77798
70019
516801
516801
70019
516801
77798
516801
70019
516801
11431
11431
70019
70019
516801
70019
25869
516801
80386
516801
516801
70019
25869
77798
77798
516801
80386
77798
70019
25869
516801
516801
516801
70019
516801
77798
77798
77798
70019
77798
25869
70019
77798
11431
77798
