274.1132
274.1132
274.1132
136.5634
136.5634
22.8092
136.5634
136.5634
136.5634
274.1132
22.8092
136.5634
22.8092
274.1132
136.5634
136.5634
136.5634
136.5634
136.5634
274.1132
274.1132
274.1132
274.1132
136.5634
274.1132
136.5634
274.1132
22.8092
274.1132
136.5634
136.5634
274.1132
22.8092
136.5634
22.8092
22.8092
274.1132
274.1132
274.1132
274.1132
136.5634
274.1132
274.1132
22.8092
136.5634
274.1132
274.1132
136.5634
22.8092
22.8092
274.1132
22.8092
22.8092
136.5634
136.5634
22.8092
136.5634
136.5634
22.8092
274.1132
274.1132
136.5634
22.8092
274.1132
274.1132
136.5634
22.8092
274.1132
136.5634
22.8092
136.5634
136.5634
22.8092
136.5634
274.1132
22.8092
274.1132
136.5634
22.8092
274.1132
274.1132
22.8092
136.5634
136.5634
274.1132
274.1132
136.5634
136.5634
274.1132
22.8092
22.8092
136.5634
274.1132
22.8092
274.1132
274.1132
136.5634
274.1132
274.1132
136.5634
