1090590
985877
362532
825815
834782
56008
825815
891721
834782
397784
1284408
1015313
796857
985877
1015313
1233648
1015313
243719
544820
1015313
66664
966035
1160399
792297
1090590
362532
533668
56008
144558
243719
1264898
3620594
766699
1015313
1015313
818007
978176
544820
232068
510747
886802
825815
796857
1313024
510848
510848
910136
243719
910136
362532
818007
818007
118342
749398
362532
825815
818007
1204149
1284408
1015313
118342
978176
835563
766699
792297
1024945
397784
818007
397784
143610
1121546
943485
749398
144558
1024945
1281299
796857
232068
3620594
834782
327445
1204149
1160399
910136
510747
749398
796857
13214704
3620594
796857
565250
1307252
118342
1090590
749398
796857
13214704
1148436
533668
397784
