72.0843
72.0843
72.0843
192.8761
192.8761
72.0843
192.8761
94.8925
192.8761
192.8761
94.8925
192.8761
94.8925
94.8925
94.8925
72.0843
72.0843
94.8925
72.0843
192.8761
192.8761
72.0843
72.0843
94.8925
94.8925
94.8925
72.0843
94.8925
94.8925
192.8761
94.8925
192.8761
94.8925
72.0843
192.8761
94.8925
192.8761
192.8761
192.8761
192.8761
192.8761
94.8925
192.8761
94.8925
94.8925
94.8925
192.8761
72.0843
72.0843
94.8925
94.8925
72.0843
192.8761
192.8761
94.8925
192.8761
94.8925
94.8925
72.0843
72.0843
94.8925
94.8925
94.8925
94.8925
72.0843
192.8761
94.8925
94.8925
72.0843
192.8761
192.8761
94.8925
94.8925
72.0843
94.8925
72.0843
72.0843
72.0843
192.8761
192.8761
94.8925
72.0843
72.0843
192.8761
192.8761
192.8761
192.8761
72.0843
72.0843
192.8761
192.8761
192.8761
72.0843
72.0843
94.8925
192.8761
72.0843
94.8925
192.8761
192.8761
