40.3336
12.0719
54.6182
40.3336
12.0719
12.0719
54.6182
54.6182
40.3336
40.3336
40.3336
12.0719
54.6182
54.6182
54.6182
12.0719
40.3336
12.0719
40.3336
54.6182
12.0719
40.3336
12.0719
12.0719
54.6182
54.6182
54.6182
12.0719
40.3336
12.0719
12.0719
40.3336
54.6182
12.0719
40.3336
54.6182
12.0719
12.0719
40.3336
12.0719
12.0719
54.6182
12.0719
12.0719
12.0719
12.0719
54.6182
40.3336
12.0719
12.0719
54.6182
54.6182
12.0719
40.3336
40.3336
12.0719
12.0719
54.6182
54.6182
54.6182
54.6182
40.3336
12.0719
54.6182
54.6182
40.3336
40.3336
40.3336
54.6182
12.0719
40.3336
40.3336
12.0719
54.6182
54.6182
54.6182
54.6182
40.3336
54.6182
12.0719
54.6182
12.0719
40.3336
40.3336
54.6182
40.3336
12.0719
54.6182
40.3336
54.6182
40.3336
12.0719
12.0719
40.3336
12.0719
54.6182
12.0719
12.0719
12.0719
54.6182
