254.2485
166.2301
59.2223
254.2485
254.2485
59.2223
59.2223
254.2485
59.2223
254.2485
59.2223
166.2301
166.2301
254.2485
166.2301
166.2301
59.2223
166.2301
254.2485
166.2301
59.2223
59.2223
254.2485
59.2223
59.2223
59.2223
59.2223
254.2485
166.2301
59.2223
59.2223
59.2223
166.2301
166.2301
166.2301
254.2485
59.2223
59.2223
254.2485
166.2301
254.2485
59.2223
166.2301
254.2485
254.2485
166.2301
59.2223
254.2485
254.2485
59.2223
166.2301
166.2301
254.2485
254.2485
59.2223
59.2223
254.2485
59.2223
166.2301
254.2485
254.2485
166.2301
254.2485
254.2485
166.2301
166.2301
166.2301
166.2301
166.2301
254.2485
59.2223
166.2301
254.2485
59.2223
166.2301
254.2485
59.2223
166.2301
166.2301
254.2485
254.2485
59.2223
254.2485
59.2223
59.2223
254.2485
254.2485
166.2301
254.2485
166.2301
59.2223
166.2301
166.2301
254.2485
166.2301
166.2301
166.2301
59.2223
59.2223
59.2223
