3.684
3.684
3.684
3.684
3.684
3.684
3.684
3.684
3.684
3.684
3.684
3.684
3.684
3.684
3.684
3.684
3.684
131.0638
131.0638
131.0638
131.0638
131.0638
131.0638
131.0638
131.0638
131.0638
131.0638
131.0638
131.0638
131.0638
131.0638
131.0638
131.0638
131.0638
131.0638
131.0638
131.0638
131.0638
131.0638
131.0638
131.0638
131.0638
131.0638
131.0638
131.0638
131.0638
131.0638
131.0638
131.0638
131.0638
131.0638
131.0638
131.0638
131.0638
131.0638
131.0638
131.0638
131.0638
131.0638
131.0638
131.0638
131.0638
131.0638
131.0638
131.0638
131.0638
131.0638
131.0638
131.0638
131.0638
131.0638
131.0638
131.0638
131.0638
131.0638
131.0638
131.0638
131.0638
131.0638
131.0638
131.0638
131.0638
131.0638
131.0638
131.0638
169.23
169.23
169.23
169.23
169.23
169.23
169.23
169.23
169.23
169.23
169.23
169.23
169.23
169.23
169.23
