3167.9746
506.8195
1543.5092
444.8888
6587.0534
4595.0214
930.7094
6560.1117
4853.9412
2863.5078
3137.4034
7109.6346
641.7565
1938.1422
4853.9412
5617.9634
3805.3712
506.8195
5023.9137
5592.9192
5310.1696
5199.5143
6212.2699
2193.1455
3433.4779
4840.6383
304.4346
2825.361
6929.9402
4494.3672
6444.0504
5639.8866
5023.9137
5639.0145
6364.7842
872.5552
506.8195
3851.5137
7081.4919
930.7094
506.8195
1584.6703
5352.137
7142.5188
444.8888
110.9358
6212.2699
5023.9137
5212.3019
3331.4654
506.8195
6364.7842
6442.9438
2404.3158
1758.9741
6114.2197
5023.9137
3366.6389
6212.2699
3331.4654
5788.5301
3769.5595
2232.1536
5217.8643
1528.4372
5617.9634
222.7243
1600.6378
3492.3606
3040.8517
6442.9438
981.9163
872.5552
222.7243
5592.9192
289.3717
2676.5162
2571.7753
4935.5346
110.9358
6546.4715
7109.6346
1985.7295
2670.986
7086.6226
3450.5157
6212.2699
5257.3793
5072.4418
3150.818
5581.6959
3137.4034
7142.5188
4494.3672
506.8195
2232.1536
5450.6943
2128.5487
2985.6732
506.8195
