168.6426
16.1768
16.1768
168.6426
17.6777
16.1768
168.6426
16.1768
17.6777
168.6426
16.1768
168.6426
17.6777
16.1768
17.6777
16.1768
168.6426
168.6426
16.1768
168.6426
17.6777
17.6777
17.6777
168.6426
17.6777
16.1768
16.1768
17.6777
16.1768
17.6777
17.6777
16.1768
16.1768
16.1768
168.6426
17.6777
17.6777
16.1768
17.6777
17.6777
17.6777
16.1768
16.1768
168.6426
17.6777
17.6777
168.6426
16.1768
16.1768
16.1768
168.6426
168.6426
17.6777
168.6426
17.6777
168.6426
17.6777
168.6426
16.1768
168.6426
168.6426
17.6777
17.6777
168.6426
17.6777
16.1768
16.1768
168.6426
17.6777
16.1768
16.1768
168.6426
17.6777
16.1768
16.1768
16.1768
17.6777
168.6426
168.6426
168.6426
168.6426
17.6777
168.6426
168.6426
168.6426
16.1768
168.6426
16.1768
16.1768
17.6777
168.6426
16.1768
168.6426
168.6426
168.6426
168.6426
16.1768
168.6426
168.6426
168.6426
