17858
17858
45612
45612
83081
1408163
891291
110066
110336
110336
235653
115731
136879
155637
155637
155637
155637
155637
155637
196903
196903
220863
220863
234824
234824
235653
115731
242875
242875
257971
257971
295534
295534
410935
410935
439985
439985
454104
454104
501385
501385
577229
577229
577604
577604
589683
589683
615979
615979
635101
635101
660241
660241
686238
686238
701822
701822
846772
846772
846772
851884
851884
875037
875037
875037
875037
875037
891291
110066
938373
938373
968745
968745
1031123
1031123
1069981
1069981
1092407
1092407
1109322
1109322
1232403
1232403
1380314
1380314
1380314
1408163
83081
4559356
4559356
7757336
7757336
7757336
7757336
7757336
7757336
7757336
7757336
14303456
14303456
