137.0802
137.0802
281.0326
281.0326
343.4151
343.4151
352.8846
352.8846
491.6705
491.6705
521.4073
521.4073
521.4073
708.753
708.753
730.2231
730.2231
730.2231
787.7693
787.7693
3247.9433
801.1352
816.1535
816.1535
825.9597
825.9597
828.5627
942.2572
942.2572
963.7835
963.7835
963.7835
970.2343
970.2343
995.9679
995.9679
2460.7696
1245.7657
1898.5848
1898.5848
1925.1902
1925.1902
1925.1902
1982.9085
1982.9085
2010.7521
2010.7521
2114.2353
2114.2353
2366.9028
2366.9028
2373.6953
2373.6953
2460.7696
2460.7696
2460.7696
2460.7696
1245.7657
2460.7696
2514.9497
2514.9497
2656.3841
2656.3841
2657.8913
2657.8913
2696.7929
2696.7929
2983.5464
2983.5464
3246.2718
3246.2718
3247.9433
3247.9433
801.1352
3482.4822
3482.4822
3509.0241
3509.0241
3532.6984
3532.6984
3581.3454
3581.3454
3581.3454
3791.9354
3791.9354
3917.7383
3917.7383
3917.7383
3918.1127
3918.1127
4256.9179
4256.9179
4323.8163
4323.8163
4464.2321
4464.2321
4563.0401
4563.0401
4563.6453
4563.6453
