357.9413
357.9413
357.9413
357.9413
279.1063
279.1063
357.9413
357.9413
357.9413
357.9413
357.9413
357.9413
357.9413
357.9413
357.9413
357.9413
357.9413
357.9413
357.9413
357.9413
357.9413
357.9413
357.9413
357.9413
357.9413
357.9413
357.9413
357.9413
357.9413
357.9413
357.9413
357.9413
357.9413
357.9413
357.9413
357.9413
357.9413
357.9413
357.9413
357.9413
357.9413
357.9413
357.9413
357.9413
357.9413
357.9413
357.9413
357.9413
357.9413
357.9413
357.9413
357.9413
357.9413
357.9413
357.9413
357.9413
357.9413
357.9413
357.9413
357.9413
357.9413
357.9413
357.9413
345.1261
345.1261
357.9413
357.9413
357.9413
28.1566
28.1566
28.1566
357.9413
357.9413
357.9413
357.9413
357.9413
357.9413
357.9413
357.9413
279.1063
357.9413
357.9413
357.9413
357.9413
357.9413
357.9413
357.9413
357.9413
357.9413
357.9413
357.9413
357.9413
357.9413
357.9413
357.9413
357.9413
357.9413
357.9413
357.9413
279.1063
