115.1976
203.1404
203.1404
203.1404
480.4971
480.4971
480.4971
480.4971
666.437
760.3058
760.3058
760.3058
760.3058
760.3058
760.3058
760.3058
760.3058
760.3058
760.3058
760.3058
785.0006
787.5419
1036.8627
1036.8627
1312.3707
1660.5806
1761.51
1842.9875
1972.6894
2370.3337
2370.3337
2370.3337
2612.4063
2746.7886
7832.5487
2790.4122
3006.9714
3126.0243
3674.5846
3674.5846
3674.5846
3674.5846
3674.5846
7832.5487
3707.1316
3711.9196
3814.2934
4174.4378
4174.4378
4174.4378
4174.4378
4174.4378
4174.4378
4174.4378
4264.9812
4292.101
4292.101
4339.7025
4339.7025
4469.9151
4469.9151
4469.9151
4469.9151
4469.9151
4552.1133
4552.1133
4692.9725
4943.3453
5432.5058
5454.1302
5524.9897
5524.9897
5622.2951
6271.7654
6271.7654
6898.629
6898.629
7590.3672
7590.3672
7590.3672
7590.3672
7590.3672
7590.3672
7590.3672
7590.3672
7590.3672
7590.3672
7832.5487
3674.5846
2790.4122
8224.3899
9016.875
9016.875
9016.875
9137.1071
9137.1071
9137.1071
9137.1071
9137.1071
9505.3459
