3344.8329
3344.8329
144.0854
144.0854
144.0854
144.0854
144.0854
484.6625
484.6625
484.6625
484.6625
3340.2437
770.7643
3313.2962
823.3325
823.3325
947.8915
947.8915
947.8915
947.8915
964.8565
964.8565
964.8565
1028.8183
1028.8183
1081.6192
1081.6192
1163.4766
1163.4766
3254.4099
1231.6304
3156.3703
1231.6304
1231.6304
1231.6304
1336.2652
1336.2652
3140.401
1336.2652
1373.7829
1373.7829
1373.7829
1373.7829
1373.7829
2042.7322
1373.7829
1373.7829
1409.951
1409.951
1409.951
1409.951
1409.951
1485.3895
1534.2772
1534.2772
1621.7192
1621.7192
1621.7192
1917.94
2042.7322
2042.7322
2042.7322
1373.7829
2042.7322
2232.2767
2232.2767
2271.7784
2271.7784
2371.3803
2371.3803
2371.3803
2371.3803
2495.2616
2495.2616
2666.5644
2666.5644
2772.1225
2772.1225
2909.7679
2909.7679
2909.7679
3140.401
1336.2652
3140.401
1231.6304
3156.3703
3156.3703
3216.9249
3216.9249
3237.6344
3237.6344
3237.6344
3254.4099
1231.6304
823.3325
3313.2962
770.7643
3340.2437
144.0854
144.0854
