36.8647
58.9258
76.1647
251.4739
256.0301
562.1421
562.1421
562.1421
562.1421
562.1421
562.1421
562.1421
562.1421
562.1421
562.1421
562.1421
562.1421
562.1421
562.1421
562.1421
562.1421
562.1421
562.1421
562.1421
562.1421
562.1421
562.1421
562.1421
562.1421
562.1421
562.1421
562.1421
562.1421
562.1421
562.1421
562.1421
562.1421
562.1421
562.1421
562.1421
562.1421
562.1421
562.1421
562.1421
562.1421
562.1421
562.1421
562.1421
562.1421
562.1421
562.1421
562.1421
562.1421
562.1421
562.1421
562.1421
562.1421
562.1421
562.1421
562.1421
562.1421
562.1421
562.1421
562.1421
562.1421
562.1421
562.1421
562.1421
562.1421
562.1421
562.1421
562.1421
562.1421
562.1421
562.1421
562.1421
562.1421
562.1421
562.1421
562.1421
562.1421
562.1421
562.1421
562.1421
562.1421
562.1421
562.1421
562.1421
562.1421
562.1421
562.1421
562.1421
562.1421
562.1421
562.1421
562.1421
562.1421
661.5436
702.8714
726.2004
