72.1088
72.1088
72.1088
72.1088
72.1088
72.1088
72.1088
72.1088
72.1088
72.1088
72.1088
72.1088
72.1088
72.1088
72.1088
72.1088
72.1088
72.1088
72.1088
72.1088
72.1088
72.1088
72.1088
72.1088
72.1088
72.1088
72.1088
72.1088
72.1088
72.1088
171.1679
171.1679
171.1679
171.1679
171.1679
171.1679
171.1679
171.1679
171.1679
171.1679
171.1679
171.1679
171.1679
171.1679
171.1679
171.1679
171.1679
171.1679
171.1679
171.1679
171.1679
177.1765
177.1765
177.1765
177.1765
177.1765
177.1765
177.1765
177.1765
177.1765
177.1765
177.1765
177.1765
177.1765
177.1765
177.1765
177.1765
177.1765
177.1765
177.1765
177.1765
177.1765
324.0625
324.0625
324.0625
324.0625
324.0625
324.0625
324.0625
324.0625
324.0625
324.0625
324.0625
324.0625
324.0625
324.0625
324.0625
324.0625
324.0625
324.0625
324.0625
324.0625
324.0625
517.8921
517.8921
517.8921
517.8921
517.8921
517.8921
585.2898
