606.2023
453.4666
1164.405
381.4247
127.9871
127.9871
127.9871
335.2383
127.9871
381.4247
127.9871
335.2383
335.2383
184.2831
293.5833
293.5833
606.2023
381.4247
184.2831
1164.405
1164.405
127.9871
236.8891
236.8891
236.8891
236.8891
335.2383
606.2023
381.4247
453.4666
1164.405
335.2383
335.2383
184.2831
1164.405
453.4666
1164.405
293.5833
293.5833
184.2831
453.4666
381.4247
453.4666
381.4247
606.2023
335.2383
606.2023
453.4666
335.2383
127.9871
1164.405
293.5833
293.5833
127.9871
184.2831
381.4247
335.2383
1164.405
1164.405
381.4247
184.2831
816.465
453.4666
453.4666
606.2023
184.2831
606.2023
127.9871
606.2023
184.2831
184.2831
816.465
816.465
816.465
816.465
816.465
816.465
816.465
816.465
664.9204
664.9204
664.9204
664.9204
664.9204
664.9204
664.9204
664.9204
664.9204
664.9204
664.9204
664.9204
664.9204
664.9204
664.9204
236.8891
606.2023
293.5833
293.5833
293.5833
381.4247
