2341.2058
2472.0114
2876.6318
2472.0114
4022.4073
3656.0387
2341.2058
2341.2058
1579.2675
1327.3347
2341.2058
2341.2058
1579.2675
800.202
2876.6318
1327.3347
2472.0114
2341.2058
2341.2058
373.822
2341.2058
2341.2058
140.7231
3097.062
1943.7713
1943.7713
4100.3422
2341.2058
4195.9716
2472.0114
1718.6227
2341.2058
4100.3422
800.202
1433.5956
1579.2675
1718.6227
800.202
2472.0114
2341.2058
140.7231
2341.2058
1742.8801
4100.3422
2341.2058
2472.0114
2341.2058
2422.8207
800.202
4100.3422
4100.3422
1579.2675
373.822
3483.2032
2472.0114
373.822
4100.3422
1718.6227
2472.0114
2472.0114
524.6644
2876.6318
2627.9333
2627.9333
1123.6944
2880.8141
140.7231
4100.3422
2472.0114
1742.8801
2482.5965
2341.2058
1943.7713
2341.2058
1174.2472
1943.7713
4100.3422
1943.7713
676.2102
4100.3422
963.9473
2472.0114
2341.2058
3295.64
1943.7713
1579.2675
2341.2058
373.822
148.7503
1123.6944
4023.1561
708.6479
148.7503
1718.6227
2472.0114
478.0522
2341.2058
2341.2058
1943.7713
282.9441
