1557.3277
208.5992
422.4526
208.5992
675.7587
462.2992
1082.2726
1792.0048
1431.4046
1431.4046
329.3529
1039.2101
1733.2338
63.051
165.5015
1557.3277
1082.2726
329.3529
906.6161
208.5992
1039.2101
1039.2101
675.7587
434.8476
89.7437
422.4526
1792.0048
89.7437
1557.3277
1557.3277
165.5015
116.4323
434.8476
1082.2726
1557.3277
434.8476
1082.2726
63.051
63.051
1082.2726
675.7587
1557.3277
1557.3277
422.4526
208.5992
1557.3277
208.5992
329.3529
1431.4046
462.2992
1653.7111
1068.8128
1557.3277
1557.3277
1653.7111
89.7437
906.6161
1557.3277
63.051
1557.3277
1557.3277
1557.3277
906.6161
434.8476
675.7587
63.051
1068.8128
906.6161
165.5015
1653.7111
1431.4046
1557.3277
1082.2726
165.5015
906.6161
1557.3277
1557.3277
89.7437
116.4323
1431.4046
1431.4046
462.2992
1039.2101
89.7437
1039.2101
208.5992
1082.2726
165.5015
1557.3277
1557.3277
1557.3277
1557.3277
1557.3277
1557.3277
422.4526
116.4323
1082.2726
1792.0048
1431.4046
1068.8128
