54.0367
54.0367
54.0367
54.0367
54.0367
54.0367
54.0367
54.0367
54.0367
54.0367
54.0367
54.0367
54.0367
71.246
71.246
71.246
71.246
71.246
71.246
71.246
71.246
71.246
71.246
71.246
71.246
71.246
71.246
71.246
71.246
71.246
71.246
71.246
71.246
71.246
71.246
71.246
71.246
71.246
71.246
71.246
71.246
71.246
71.246
71.246
71.246
71.246
71.246
71.246
71.246
71.246
71.246
71.246
71.246
160.485
160.485
160.485
160.485
160.485
160.485
160.485
160.485
160.485
160.485
160.485
160.485
160.485
160.485
160.485
160.485
160.485
160.485
160.485
160.485
160.485
160.485
160.485
160.485
160.485
160.485
160.485
160.485
160.485
160.485
160.485
160.485
160.485
160.485
160.485
160.485
160.485
160.485
160.485
160.485
160.485
160.485
160.485
160.485
160.485
160.485
160.485
