1002.6531
32.6722
772.1209
1002.6531
224.7422
787.3988
32.6722
772.1209
577.785
224.7422
32.6722
336.972
367.8259
581.596
37.9746
32.6722
32.6722
1002.6531
367.8259
32.6722
32.6722
787.3988
772.1209
1002.6531
1002.6531
1002.6531
1002.6531
581.596
787.3988
341.9487
224.7422
772.1209
32.6722
32.6722
581.596
1002.6531
367.8259
577.785
336.972
577.785
577.785
336.972
577.785
581.596
32.6722
577.785
336.972
772.1209
367.8259
367.8259
32.6722
37.9746
367.8259
32.6722
32.6722
341.9487
32.6722
581.596
577.785
37.9746
32.6722
1002.6531
224.7422
772.1209
336.972
32.6722
1002.6531
581.596
32.6722
577.785
1002.6531
37.9746
1002.6531
32.6722
32.6722
32.6722
336.972
341.9487
1002.6531
367.8259
32.6722
32.6722
367.8259
37.9746
1002.6531
367.8259
224.7422
1002.6531
787.3988
581.596
577.785
772.1209
581.596
341.9487
32.6722
581.596
32.6722
581.596
581.596
367.8259
