4736.8583
4736.8583
2257.4791
3477.2133
3291.4265
7397.1016
7678.2444
8377.6741
4736.8583
7047.4111
1441.8232
6150.039
4736.8583
3342.62
8527.7613
6667.9228
7548.3228
6296.4195
8296.0413
6513.8325
2696.8719
1368.1463
2375.8025
967.2219
1433.7759
967.0656
756.3376
8318.9673
5001.5114
575.0311
1061.5303
4060.1054
4901.986
7635.9605
2685.5377
1400.3524
3455.4845
7043.615
1590.8739
5001.5114
1950.3121
3526.2922
6085.8026
7905.3464
3477.2133
1152.134
3453.0319
3195.2622
8489.5238
1619.0134
4038.8295
572.4683
4995.1785
2771.0634
5748.9434
3477.2133
2778.0425
7643.7443
6137.2262
6574.1856
5316.9814
5022.9277
4736.8583
8173.685
4894.1369
2802.1958
284.7187
7375.471
5828.6239
3477.2133
596.9328
4736.8583
2768.353
5001.5114
5669.4611
2273.5211
8138.3589
2900.5306
3477.2133
5350.0487
2884.2544
4312.1223
1435.6594
7915.0713
6266.1487
5001.5114
8139.8739
6810.6726
5535.3846
5820.1619
4736.8583
8338.7331
3477.2133
6555.6391
5625.845
8154.2396
1747.537
5294.7605
1269.8084
300.9599
