546.9017
315.1555
317.2342
200.6323
546.9017
315.1555
546.9017
200.6323
200.6323
315.1555
315.1555
200.6323
546.9017
546.9017
546.9017
200.6323
315.1555
546.9017
20.7134
546.9017
546.9017
200.6323
200.6323
200.6323
200.6323
200.6323
20.7134
546.9017
317.2342
546.9017
20.7134
546.9017
315.1555
315.1555
315.1555
317.2342
20.7134
200.6323
546.9017
200.6323
200.6323
200.6323
200.6323
315.1555
315.1555
546.9017
315.1555
17.8212
200.6323
200.6323
546.9017
546.9017
200.6323
17.8212
17.8212
200.6323
546.9017
200.6323
546.9017
546.9017
200.6323
200.6323
315.1555
546.9017
200.6323
546.9017
546.9017
546.9017
200.6323
315.1555
546.9017
546.9017
315.1555
546.9017
315.1555
315.1555
17.8212
315.1555
200.6323
17.8212
17.8212
200.6323
315.1555
20.7134
546.9017
315.1555
546.9017
315.1555
200.6323
317.2342
315.1555
315.1555
315.1555
317.2342
315.1555
317.2342
17.8212
20.7134
315.1555
315.1555
