42347
42347
1140
42347
1140
6056
42347
42347
6056
42347
42347
6056
6056
6056
6056
6056
6056
42347
6056
6056
11210
11210
6056
8008
11210
8008
8008
8008
11210
8008
11210
9167
9167
11210
11210
9167
10947
10947
9167
9167
10947
10947
9167
9167
9167
9167
10947
10947
9167
9167
9167
9167
9167
9167
10947
10947
10947
10947
10947
10947
10947
10947
10947
10947
10947
10947
9167
9167
9167
9167
9167
10947
9167
10947
11210
11210
9167
9167
11210
8008
8008
8008
6056
6056
42347
6056
6056
42347
6056
42347
6056
42347
6056
1140
42347
42347
42347
1140
42347
1140
