111.6548
111.6548
111.6548
127.3622
127.3622
127.3622
130.4803
130.4803
130.4803
130.4803
130.4803
130.4803
219.871
219.871
219.871
404.4227
404.4227
404.4227
404.4227
404.4227
404.4227
404.4227
404.4227
404.4227
404.4227
404.4227
404.4227
404.4227
404.4227
404.4227
404.4227
404.4227
404.4227
404.4227
404.4227
404.4227
404.4227
404.4227
404.4227
404.4227
404.4227
404.4227
404.4227
404.4227
404.4227
404.4227
404.4227
404.4227
404.4227
404.4227
404.4227
404.4227
404.4227
404.4227
404.4227
404.4227
404.4227
404.4227
404.4227
404.4227
404.4227
404.4227
404.4227
404.4227
404.4227
404.4227
404.4227
404.4227
404.4227
404.4227
404.4227
404.4227
404.4227
404.4227
404.4227
404.4227
404.4227
404.4227
404.4227
404.4227
404.4227
404.4227
404.4227
404.4227
404.4227
404.4227
404.4227
404.4227
404.4227
404.4227
404.4227
404.4227
404.4227
404.4227
404.4227
404.4227
435.7781
435.7781
435.7781
435.7781
