55.6811
1123.5918
1398.2298
1777.4086
1398.2298
1591.1961
1785.6297
1610.7359
1777.4086
55.6811
1785.6297
1123.5918
245.4791
1304.4661
784.3508
1610.7359
1610.7359
784.3508
1398.2298
1777.4086
1304.4661
1591.1961
1777.4086
218.1388
111.2222
1123.5918
1213.4853
27.734
1213.4853
1398.2298
1591.1961
1398.2298
218.1388
1777.4086
245.4791
1213.4853
27.734
218.1388
1785.6297
784.3508
55.6811
1785.6297
27.734
55.6811
111.2222
27.734
784.3508
27.734
1304.4661
1610.7359
1610.7359
832.8664
1213.4853
784.3508
1591.1961
1123.5918
1785.6297
1610.7359
1610.7359
1777.4086
1785.6297
832.8664
1785.6297
111.2222
832.8664
111.2222
1610.7359
245.4791
1591.1961
245.4791
245.4791
832.8664
218.1388
1591.1961
111.2222
1785.6297
55.6811
27.734
1213.4853
1123.5918
55.6811
218.1388
832.8664
1304.4661
1398.2298
111.2222
218.1388
55.6811
111.2222
1610.7359
245.4791
784.3508
1123.5918
784.3508
1304.4661
1398.2298
1304.4661
1213.4853
27.734
784.3508
