4703.7932
7048.9569
8189.7878
4103.6308
4837.7844
749.112
4703.7932
8111.1797
944.1861
6478.9892
4300.3909
4103.6308
7048.9569
2392.8084
1804.0419
4103.6308
6478.9892
1385.6947
1490.7552
4703.7932
285.3888
4898.7074
6478.9892
1912.1539
1912.1539
2011.1553
4898.7074
4837.7844
944.1861
2859.8272
6755.6068
406.2083
5312.1634
757.9497
1659.331
7845.1634
5618.7205
944.1861
4801.2088
7485.2188
6141.7002
6141.7002
4898.7074
7163.353
285.3888
406.2083
749.112
406.2083
5692.0908
4898.7074
3147.8112
3483.0668
3147.8112
4318.8832
7485.2188
749.112
1490.7552
2535.258
7048.9569
8392.5817
2092.5122
4103.6308
285.3888
1297.8061
527.0093
4898.7074
7048.9569
8111.1797
749.112
7048.9569
5619.3018
1991.1956
7845.1634
749.112
6478.9892
7845.1634
2129.3286
6392.4795
1991.9712
6478.9892
4898.7074
6478.9892
1912.1539
406.2083
2092.5122
4097.8953
3732.01
7048.9569
749.112
3058.6971
7766.6072
944.1861
1761.9612
7845.1634
1968.2576
2558.6122
4898.7074
944.1861
1968.2576
3777.3614
