44210
44210
136889
1767162
1767162
1767162
1767162
1767162
1767162
1767162
1767162
1767162
1767162
1767162
1767162
1767162
1767162
1767162
1767162
1767162
1767162
1767162
1767162
1767162
1767162
1767162
1767162
1767162
1767162
1767162
1767162
1767162
1767162
1767162
1767162
1767162
1767162
1767162
1767162
1767162
1767162
1767162
1767162
1767162
1767162
1767162
1767162
1767162
1767162
1767162
1767162
1767162
1767162
1767162
1767162
1767162
1767162
1767162
1767162
1767162
1767162
1767162
1767162
1767162
1767162
1767162
1767162
1767162
1767162
1767162
1767162
1767162
1767162
1767162
1767162
1767162
1767162
1767162
1767162
1767162
1767162
1767162
1767162
1767162
1767162
1767162
1767162
1767162
1767162
1767162
1767162
1767162
1767162
1767162
1767162
1767162
1767162
1767162
1767162
14810779
