1392.5162
806.6273
806.6273
737.6146
826.3752
2012.1754
1392.5162
3440.8901
2561.344
2361.4245
2759.928
737.6146
1392.5162
1392.5162
1020.3207
1392.5162
3426.3364
3426.3364
707.147
806.6273
2561.344
3456.9618
707.147
707.147
1392.5162
2759.928
3213.9299
1339.7689
707.147
876.3096
2162.677
707.147
876.3096
2759.928
3213.9299
806.6273
73.2033
2561.344
180.4816
707.147
2561.344
2840.9179
2561.344
2561.344
826.3752
2561.344
1392.5162
2561.344
1754.7964
2019.5083
2012.7478
2561.344
2561.344
3426.3364
806.6273
2882.946
3680.69
3506.1284
3213.9299
2012.7478
3597.1426
2561.344
2561.344
1975.2022
1020.3207
680.154
2561.344
2561.344
1392.5162
2738.1947
3675.0019
707.147
2561.344
2759.928
707.147
806.6273
2840.9179
2561.344
707.147
3333.4554
1761.7007
826.3752
806.6273
1761.7007
737.6146
1754.7964
3333.4554
2759.928
2755.4107
876.3096
2012.1754
1392.5162
737.6146
73.2033
2984.6509
2059.7925
826.3752
498.2033
2561.344
1865.5314
