3733
3733
3733
3733
3733
12048
12048
12048
12048
12048
22004
22004
22004
22004
27512
27512
27512
27512
73828
27512
27512
30491
30491
30491
30491
30491
30491
30491
53926
53926
53926
53926
55604
55604
55604
55604
55604
56220
56220
56220
56220
56220
56220
58333
58333
58333
58333
58333
66504
58333
62216
62216
62216
62216
62216
62216
62216
62216
62216
62216
62216
62216
64560
64560
64560
64560
66504
66504
66504
58333
66687
66687
66687
70411
70411
70411
70411
70411
70411
71029
71029
71029
71029
71029
71029
71029
71029
71029
73828
73828
73828
27512
73828
82752
82752
82752
82752
82752
82752
82752
