3966
1225
77047
5805
77047
3966
1225
3966
1225
3966
1225
13402
3966
77047
3966
13402
77047
5805
3966
33452
1225
3966
13402
77047
13402
3966
5805
3966
1225
1225
77047
3966
3966
13402
13402
3966
77047
3966
77047
1225
5805
13402
13402
77047
1225
77047
13402
13402
13402
7385
7385
13402
77047
7385
3966
13402
3966
77047
1225
1225
77047
33452
77047
3966
3966
1225
1225
3966
77047
13402
3966
13402
77047
13402
13402
13402
7385
13402
3966
77047
1225
77047
5805
3966
3966
1225
3966
1225
13402
13402
33452
1225
1225
3966
1225
77047
13402
77047
3966
13402
