165556
165556
239641
239641
239641
239641
259495
259495
259495
259495
259495
354527
354527
358509
358509
385199
385199
385199
385199
389099
389099
464176
464176
464176
464176
620495
2191062
620495
711087
711087
814235
814235
2159791
819332
819332
856321
856321
910455
910455
918340
918340
926380
926380
1008211
1008211
1048408
1048408
1108959
1108959
1251774
1251774
1255609
1255609
1370549
1370549
1499972
1499972
1499972
1521390
1521390
1594969
1594969
1735104
1735104
1741617
1741617
1741617
1784559
1784559
1905702
1905702
2122532
2122532
2122532
2122532
819332
2159791
620495
2191062
2236230
2236230
2236230
2273305
2273305
2273305
2294415
2294415
2354558
2354558
2354558
2546036
2546036
2547008
2547008
2564273
2564273
2572548
2572548
5705126
5705126
