2101.0365
2422.6184
2114.8947
1595.3593
1307.2782
118.8081
1105.6422
3445.52
2518.4323
3834.7788
1590.1777
3646.0112
138.0895
2139.4918
680.4932
1085.1184
2807.7125
2422.6184
817.2443
2114.8947
2101.0365
2563.7591
1595.3593
1337.5489
822.4629
2563.7591
3834.7788
1225.3528
424.3466
410.022
424.3466
118.8081
410.022
1822.1655
3211.3005
2807.7125
2392.7468
138.0895
2139.4918
3646.0112
1590.1777
2509.1594
822.4629
3211.3005
1105.6422
1355.045
2518.4323
817.2443
3439.913
1225.3528
2383.8986
1243.4497
3928.1651
1892.6552
1923.5795
2392.7468
1343.3131
1243.4497
3298.5897
3439.913
2509.1594
3445.52
3298.5897
2863.2683
2686.5196
118.8081
1822.1655
680.4932
1085.1184
3928.1651
2383.8986
2686.5196
1343.3131
1923.5795
1307.2782
2863.2683
1337.5489
227.4751
118.8081
227.4751
1892.6552
1355.045
1085.1184
2422.6184
227.4751
1923.5795
2101.0365
2509.1594
138.0895
2686.5196
424.3466
3445.52
817.2443
1243.4497
118.8081
1243.4497
2392.7468
2518.4323
2863.2683
138.0895
