744.374
1469.0861
1092.323
2444.5891
2253.7867
3065.7117
3814.2718
3014.0869
2253.7867
3742.4708
2309.3921
1272.806
130.9052
444.6997
1469.0861
2177.8659
3741.7742
3741.7742
2675.9365
659.2073
347.7414
1333.5773
896.6952
3903.2293
896.6952
3065.7117
3814.2718
1469.0861
1808.1593
3814.2718
3903.2293
3814.2718
130.9052
1621.2838
2309.3921
347.7414
3530.2273
1469.0861
2679.8271
347.7414
347.7414
138.3724
2444.5891
1469.0861
1092.323
529.7168
744.374
3814.2718
130.9052
3400.9662
3240.189
1045.2971
744.374
130.9052
488.0599
138.3724
3814.2718
3400.9662
444.6997
3814.2718
138.3724
629.0328
1234.73
347.7414
1234.73
263.2038
1621.2838
444.6997
659.2073
2444.5891
1598.7188
1234.73
2675.9365
2299.5455
3814.2718
2675.9365
2177.8659
643.8402
1808.1593
1808.1593
744.374
263.2038
744.374
1808.1593
1621.2838
1808.1593
3758.0161
2880.9879
1808.1593
3742.4708
138.3724
1856.9331
1808.1593
629.0328
3741.7742
3240.189
2679.8271
2675.9365
1469.0861
3814.2718
