120.768
828.7079
524.883
626.5789
244.5778
251.7539
36.5032
120.768
901.6108
51.9569
120.768
1003.4511
51.9569
1003.4511
1003.4511
524.883
120.768
251.7539
51.9569
828.7079
901.6108
626.5789
828.7079
120.768
36.5032
828.7079
524.883
1003.4511
524.883
36.5032
1003.4511
251.7539
626.5789
626.5789
626.5789
828.7079
626.5789
120.768
251.7539
901.6108
36.5032
626.5789
828.7079
36.5032
901.6108
51.9569
901.6108
120.768
901.6108
828.7079
244.5778
244.5778
626.5789
626.5789
626.5789
244.5778
626.5789
1003.4511
901.6108
626.5789
36.5032
51.9569
524.883
36.5032
51.9569
901.6108
901.6108
244.5778
244.5778
828.7079
251.7539
51.9569
36.5032
51.9569
901.6108
626.5789
828.7079
244.5778
251.7539
828.7079
251.7539
524.883
36.5032
626.5789
244.5778
524.883
120.768
828.7079
828.7079
626.5789
120.768
120.768
1003.4511
828.7079
524.883
51.9569
244.5778
901.6108
120.768
51.9569
