363.6484
540.7232
38.1403
373.2223
38.1403
326.0198
393.1914
540.7232
393.1914
326.0198
393.1914
393.1914
38.1403
393.1914
393.1914
540.7232
38.1403
326.0198
393.1914
128.293
393.1914
363.6484
393.1914
393.1914
363.6484
393.1914
393.1914
540.7232
326.0198
540.7232
373.2223
540.7232
540.7232
393.1914
393.1914
373.2223
393.1914
393.1914
128.293
393.1914
393.1914
38.1403
326.0198
373.2223
326.0198
393.1914
38.1403
393.1914
363.6484
373.2223
393.1914
373.2223
393.1914
393.1914
393.1914
540.7232
326.0198
38.1403
363.6484
128.293
326.0198
363.6484
363.6484
373.2223
373.2223
373.2223
540.7232
38.1403
128.293
363.6484
393.1914
373.2223
128.293
128.293
326.0198
393.1914
393.1914
540.7232
393.1914
393.1914
393.1914
363.6484
128.293
128.293
363.6484
363.6484
393.1914
326.0198
393.1914
373.2223
38.1403
38.1403
393.1914
393.1914
540.7232
326.0198
38.1403
128.293
128.293
128.293
