2670.4828
394.1929
394.1929
394.1929
394.1929
4385.9001
1870.0234
4350.0483
5389.9535
394.1929
394.1929
4369.5271
3945.2325
5102.3091
4044.0667
86.2834
2440.2026
499.1439
5012.0392
236.7825
394.1929
394.1929
394.1929
2450.6362
2931.8796
678.654
4130.1319
2365.1069
2591.1398
4058.3389
723.8851
4239.4289
3495.6189
4831.7655
4831.7655
1244.9405
5091.7
5011.1785
225.0668
2197.503
2463.9802
4831.7655
4831.7655
346.0246
1188.7845
1507.444
5123.2638
3764.9409
2000.2697
5555.2924
394.1929
394.1929
173.23
394.1929
394.1929
1232.5213
394.1929
394.1929
763.7127
4831.7655
4831.7655
4386.5785
5529.7158
3838.7491
4831.7655
4831.7655
4950.3877
2322.1902
3775.2876
1705.7798
2227.1728
2683.7344
1544.4563
1200.5071
2716.2804
4054.0126
723.8851
3775.2876
2716.2804
4369.5271
1232.5213
4044.0667
4385.9001
4831.7655
4386.5785
4386.5785
499.1439
86.2834
4054.0126
4385.9001
3764.9409
2450.6362
5091.7
173.23
2670.4828
5555.2924
678.654
173.23
1507.444
2000.2697
