825.9687
635.0945
5526.5181
5704.6336
2308.6452
810.8073
5812.7918
4408.8188
3414.9192
2777.5845
4779.621
1760.082
3335.975
2920.7143
1389.0708
4575.6701
2221.1958
5600.835
4539.6386
2308.6452
5731.2787
3198.6593
5665.8579
1172.3754
6092.7663
4246.4387
6092.7663
3335.975
3092.8546
4568.1809
299.2195
3092.8546
2777.5845
1222.8873
2765.4605
5963.6838
3585.4908
1691.5843
3585.4908
3274.6774
2455.0883
1470.7241
2001.9445
1470.4918
1127.6237
4246.4387
1337.3032
1389.0708
1370.0431
818.1358
1781.9095
2308.6452
1370.0431
1833.1657
1400.4126
11.1222
121.3633
220.0343
220.0343
4246.2459
3414.9192
3914.9932
3336.9239
5704.6336
4246.4387
3336.9239
1400.4126
2909.2676
4246.4387
2308.6452
5731.2787
220.0343
2909.2676
4575.6701
3335.975
1452.8291
609.7593
3092.8546
2221.1958
220.0343
4883.3721
3348.1322
4246.4387
4408.8188
4709.9429
2777.5845
6102.1966
5138.0106
4948.2371
4408.8188
4246.4387
5680.5052
5328.3575
4252.1176
635.0945
4408.8188
5526.5181
3198.6593
825.9687
1370.0431
